Epoch	AverageEpRet	StdEpRet	MaxEpRet	MinEpRet	AverageTestEpRet	StdTestEpRet	MaxTestEpRet	MinTestEpRet	AverageEpCost	StdEpCost	MaxEpCost	MinEpCost	AverageTestEpCost	StdTestEpCost	MaxTestEpCost	MinTestEpCost	EpLen	TestEpLen	EpGoals	TestEpGoals	CumulativeCost	CostRate	TotalEnvInteracts	AverageQR1Vals	StdQR1Vals	MaxQR1Vals	MinQR1Vals	AverageQR2Vals	StdQR2Vals	MaxQR2Vals	MinQR2Vals	AverageQCVals	StdQCVals	MaxQCVals	MinQCVals	AverageQCVar	StdQCVar	MaxQCVar	MinQCVar	AverageLogPi	StdLogPi	MaxLogPi	MinLogPi	LossPi	LossQR1	LossQR2	LossQC	LossQCVar	LossAlpha	LogAlpha	Alpha	LossBeta	LogBeta	Beta	PiEntropy	TestTime	EpochTime	TotalTime
1	-1.0885998	2.3113198	4.7036552	-7.8297596	-21.434576	8.423909	0.53721595	-28.879229	85.020836	101.55078	365.0	0.0	16.35	24.612549	89.0	0.0	1000.0	1000.0	0.125	0.0	4287.0	0.04287	50004.0	0.1491525	1.6469665	2.7528234	-11.85362	0.10235428	1.6402009	2.7516062	-11.698048	1.2367288	3.208043	28.836536	-2.852085	0.83890474	1.2617126	23.736847	6.93774e-05	0.30738673	2.6706395	44.156834	-12.308425	-1.6725985	0.08203951	0.06518897	0.042478457	0.21604994	0.25237718	-3.2941463	0.11411629	0.067212604	-7.832015	0.024684748	-0.30738676	44.93563	970.8342	974.5179569721222
2	-0.8986537	3.2488754	3.6342635	-15.995341	-0.5547222	2.0308008	5.252617	-3.9177983	108.05769	148.26503	594.0	0.0	60.775	160.21416	904.0	0.0	1000.0	1000.0	0.09615385	0.3	9700.0	0.06466666666666666	100004.0	-0.13739319	1.3083043	2.0716314	-7.769907	-0.13740435	1.3082997	2.050518	-8.0088005	2.0245285	3.3968732	33.23477	-7.2804637	0.7517052	1.6530945	32.12847	2.1948381e-07	1.96866	4.195876	63.297794	-11.649302	2.5369153	0.0011102922	0.0011214882	0.05337716	0.30124605	0.00017340119	-5.349286	0.0048164753	0.0013086695	-6.7176337	0.09774217	-1.9686601	47.945667	1025.3818	1999.100834608078
3	-1.0392852	1.2910694	1.4770474	-4.619354	-0.5288725	1.3394898	5.1001267	-3.402017	51.083332	95.16627	576.0	0.0	74.4	183.03275	905.0	0.0	1000.0	1000.0	0.0625	0.05	12261.0	0.061305	150004.0	-0.70403326	1.1283505	1.8806978	-9.679524	-0.7040361	1.1283423	1.8418245	-9.8342905	1.9709721	3.661477	35.865795	-13.259592	0.9409485	2.065604	38.73536	2.4337334e-07	1.9990058	4.482736	74.53282	-11.076719	3.5494685	0.00091387116	0.0009287494	0.07590931	0.3669139	4.583729e-05	-5.276619	0.005252891	0.007022536	-4.489399	0.22806986	-1.9990059	50.270466	979.21	2978.1226539611816
4	-0.54267687	1.515899	3.5627074	-6.235035	-0.62791747	1.3046275	1.0546644	-3.6424243	51.634617	85.46637	365.0	0.0	34.775	66.911316	283.0	0.0	1000.0	1000.0	0.115384616	0.0	14837.0	0.059348	200004.0	-0.96289766	1.0822996	0.88149333	-13.875995	-0.9628859	1.0822903	0.9053086	-13.723286	1.9516622	3.7644575	47.17613	-20.54869	1.1051497	2.506902	49.77267	1.8666498e-08	1.9666178	4.6153035	66.50745	-11.79279	3.5075593	0.0010280255	0.0010551406	0.09101432	0.4087697	0.00017641575	-5.327798	0.0050060293	9.844448e-05	-5.549203	0.008802407	-1.9666178	49.27959	978.20496	3956.3362460136414
5	0.08531501	1.4892981	4.054647	-2.0132074	-0.031482387	1.155568	2.903397	-2.4586124	23.4375	48.012543	223.0	0.0	82.575	181.71568	749.0	0.0	1000.0	1000.0	0.375	0.125	15982.0	0.05327333333333333	250004.0	-1.2278253	1.1598595	0.6252428	-8.942385	-1.2278141	1.1598591	0.48219734	-8.884278	1.9259053	3.8032305	46.417034	-20.892874	1.2068586	2.8138125	50.13421	1.0906861e-08	1.9833505	4.9193363	77.88094	-13.135805	3.5639389	0.0012361722	0.0012450983	0.09648521	0.42421	0.000104100836	-5.2897162	0.0051295436	1.3468042e-06	-10.7190485	9.6757576e-05	-1.9833506	50.796448	982.51654	4938.868878126144
6	-0.5416216	1.0394603	2.4417148	-3.204211	-0.34673977	1.0914731	2.739695	-2.122501	32.807693	82.093994	418.0	0.0	100.725	185.65344	857.0	0.0	1000.0	1000.0	0.057692308	0.15	17668.0	0.05048	300004.0	-1.4533054	1.2690011	0.60302424	-13.536696	-1.4532963	1.2689996	0.52127874	-13.765093	1.9385458	3.7236238	48.51294	-17.717407	1.1969885	2.886395	59.4623	1e-08	1.9906629	5.003353	109.69574	-12.104282	3.7523568	0.0014857455	0.0014976683	0.09796667	0.4203434	5.3794538e-05	-5.3826795	0.0047197244	3.1775451e-09	-16.685604	1.5132305e-07	-1.9906632	50.613983	984.15356	5923.211694955826
7	-0.70886165	1.3227826	2.260206	-4.462974	-0.4607802	1.0162936	1.6196716	-3.8625162	25.3125	84.67687	532.0	0.0	102.525	208.97235	803.0	0.0	1000.0	1000.0	0.0625	0.025	18916.0	0.04729	350004.0	-1.636789	1.3821421	0.4186011	-14.602313	-1.6367831	1.3821495	0.36516887	-14.738107	1.9098908	3.9472249	60.16783	-23.493643	1.3282992	3.2870674	63.238724	1e-08	1.9885628	4.9905257	93.84068	-11.151871	3.9848819	0.0016569128	0.0016557795	0.110633865	0.46126023	6.49453e-05	-5.371361	0.004821054	8.868411e-12	-18.420683	2.6242272e-10	-1.9885632	46.611862	975.5184	6898.396153211594
8	-0.33210346	1.1356698	3.4016483	-2.1804504	-0.45321807	1.0494636	1.5836124	-3.0135686	43.73077	77.15696	352.0	0.0	20.275	59.10626	321.0	0.0	1000.0	1000.0	0.15384616	0.075	21157.0	0.047015555555555553	400004.0	-1.833239	1.3925924	0.046074927	-11.761395	-1.8332312	1.3926103	0.092076	-12.012923	1.8874052	3.8752851	66.34048	-25.46011	1.3967825	3.5228863	89.969284	1e-08	1.9831526	5.087028	137.85385	-11.357637	4.225613	0.0018134121	0.0017934571	0.11618758	0.4625635	0.00012131733	-5.287783	0.005139821	2.6270097e-13	-18.420683	8.905009e-12	-1.9831529	46.693882	975.6988	7874.222613096237
9	-0.4866766	1.0095502	1.632674	-3.6933734	-0.39924183	1.7961742	4.3376994	-6.963775	54.416668	128.87039	700.0	0.0	43.35	139.08049	806.0	0.0	1000.0	1000.0	0.083333336	0.075	23769.0	0.047538	450004.0	-1.992786	1.4631327	0.058511496	-20.173489	-1.9927822	1.4631221	0.043139577	-20.134857	1.8641508	3.7889328	60.141186	-25.406616	1.5333202	3.829508	95.69357	1e-08	1.9767863	5.094246	95.871956	-12.414606	4.358089	0.0022360687	0.0022533971	0.1206524	0.4638825	0.00012279635	-5.3340526	0.0049231006	1.1376444e-13	-18.420683	4.389886e-12	-1.9767866	48.384205	977.562	8852.23243880272
10	-0.05438778	1.4052464	3.841061	-4.0670147	-1.4019618	4.789745	1.2544974	-26.385794	16.98077	40.71689	182.0	0.0	44.05	87.95963	383.0	0.0	1000.0	1000.0	0.17307693	0.025	24652.0	0.044821818181818185	500004.0	-2.2527122	1.6822319	0.029791713	-22.589659	-2.252708	1.682221	0.02770406	-22.649805	1.8444828	4.0130515	53.35349	-32.688454	1.7277548	4.4285293	111.17791	1e-08	1.9547112	5.2371016	108.87872	-12.67943	4.956625	0.0036465472	0.0036673974	0.14403121	0.5240747	0.00031849387	-5.19125	0.0057889274	7.896926e-14	-18.420683	3.118397e-12	-1.9547112	50.553993	978.932	9831.69768834114
11	-0.6970261	1.1620423	1.4838828	-3.890021	-0.5027897	2.4880042	2.1540146	-9.650355	44.458332	75.112404	339.0	0.0	80.4	185.29771	915.0	0.0	1000.0	1000.0	0.041666668	0.175	26798.0	0.04466333333333333	550004.0	-2.4287302	1.7112647	0.014843166	-22.482239	-2.4287434	1.711268	0.0008595586	-21.872831	1.8513085	3.8695517	51.829987	-25.325497	1.6905733	4.310452	86.350136	1e-08	2.0029833	5.3679824	102.59907	-12.098249	4.797674	0.003216005	0.0031889747	0.13122092	0.4961864	-2.6303444e-05	-5.354506	0.00492733	7.427422e-14	-18.420683	2.2932895e-12	-2.002983	46.5708	982.2511	10813.361002206802
12	-0.62586755	1.3498034	2.7717123	-5.15397	-1.1999582	3.1695912	0.4800818	-16.497896	24.192308	63.74741	329.0	0.0	30.5	85.78636	493.0	0.0	1000.0	1000.0	0.057692308	0.0	28044.0	0.043144615384615385	600004.0	-2.564695	1.8622355	-0.06434649	-25.63253	-2.5647047	1.8622348	-0.08690882	-24.332182	1.8652916	4.0582013	64.01201	-28.652803	1.7355758	4.5574794	108.189865	1e-08	1.9612416	5.2248063	82.72463	-12.917797	5.267779	0.0036510418	0.0036214183	0.13383402	0.51374656	0.0002458152	-5.178012	0.0057629114	5.314034e-14	-18.420683	1.7682555e-12	-1.9612416	51.141026	988.27686	11801.37341594696
13	-0.63638145	1.2202055	2.1112933	-5.8594823	-2.2292256	3.1898246	2.5479612	-10.186563	29.229166	50.921608	209.0	0.0	17.1	56.858067	333.0	0.0	1000.0	1000.0	0.041666668	0.05	29447.0	0.04206714285714286	650004.0	-2.732945	1.9472778	-0.14983004	-23.269007	-2.7329528	1.9472632	-0.034504294	-22.88143	1.8761036	3.837798	58.78299	-23.58045	1.6582712	4.539397	118.301346	1e-08	1.991771	5.4191785	101.902405	-11.438824	5.056975	0.0040377053	0.0040652743	0.12731887	0.48420078	5.7280464e-05	-5.4598775	0.004353644	4.6284452e-14	-18.420683	1.4219397e-12	-1.991771	50.848755	978.05133	12779.357492923737
14	-0.827611	1.6993349	2.5057435	-5.6069465	-0.15021661	0.9847508	2.386833	-2.5768986	31.192308	65.508965	274.0	0.0	32.9	72.15566	308.0	0.0	1000.0	1000.0	0.07692308	0.1	31069.0	0.041425333333333335	700004.0	-2.794996	1.9499657	-0.0039263964	-21.090517	-2.7950134	1.94995	-0.0007247925	-20.940262	1.8798915	3.8434355	59.639675	-26.983494	1.6345978	4.564573	124.81755	1e-08	1.980259	4.9786544	120.81697	-12.075762	5.0412393	0.004035215	0.004026124	0.1252222	0.47982258	9.582798e-05	-5.320135	0.005101071	4.439774e-14	-18.420683	1.1979463e-12	-1.9802591	50.900692	979.87994	13759.293904304504
15	-0.796534	1.846166	2.1467957	-7.961545	-1.2816706	3.3367844	2.1110213	-13.578031	29.666666	73.977005	332.0	0.0	28.25	112.88219	660.0	0.0	1000.0	1000.0	0.0625	0.125	32493.0	0.04061625	750004.0	-2.753785	1.9350723	10.379495	-24.079197	-2.7537863	1.9350699	10.073333	-23.20257	1.8926983	3.7614553	62.68573	-42.194897	1.6200156	4.604425	120.34858	1e-08	2.008015	5.1448994	105.99421	-12.145517	4.9660625	0.0041124523	0.004115642	0.12168202	0.46689507	-1.3093758e-05	-5.3868327	0.004688148	3.3744302e-14	-18.420683	1.0303251e-12	-2.008015	48.01407	982.9363	14742.207033634186
16	-0.8546717	2.034088	1.0246619	-8.75487	-2.1816602	5.8582315	1.4858291	-24.654856	24.384615	71.86556	398.0	0.0	63.8	157.13962	782.0	0.0	1000.0	1000.0	0.057692308	0.025	33761.0	0.039718823529411765	800004.0	-2.7257566	1.968061	27.980837	-22.296776	-2.72575	1.9680384	28.453136	-23.59735	1.8838624	3.6822429	59.17467	-40.65494	1.6499741	4.633251	103.85414	1e-08	1.9749367	5.047596	99.10968	-14.586187	4.7590733	0.0045651775	0.0045568557	0.117287695	0.447075	0.00010286438	-5.5860124	0.003956717	3.0313967e-14	-18.420683	9.043614e-13	-1.9749366	50.64144	982.96155	15725.123212575912
17	-1.2504687	2.5140743	2.1846466	-9.032119	-3.3187568	8.310713	1.6727864	-28.817175	36.854168	89.02832	402.0	0.0	28.55	80.85634	337.0	0.0	1000.0	1000.0	0.083333336	0.075	35602.0	0.039557777777777775	850004.0	-2.717581	1.9933058	26.032717	-25.406988	-2.7175653	1.9933157	26.285072	-25.91843	1.8674974	3.5533123	60.868053	-25.628841	1.65836	4.745444	114.2526	1e-08	1.9706467	5.027801	93.03363	-13.673581	4.3406706	0.0058169104	0.0057909605	0.11534506	0.43833673	0.00012389546	-5.525266	0.0041569127	3.5714233e-14	-18.420683	7.9817766e-13	-1.9706464	50.745346	982.45197	16707.827566623688
18	-0.6134204	2.3658853	2.856847	-12.877205	-1.0896267	4.0109544	0.9968568	-20.781322	52.98077	119.884476	551.0	0.0	18.35	63.56317	386.0	0.0	1000.0	1000.0	0.15384616	0.0	38285.0	0.0403	900004.0	-2.7544746	2.0289757	27.130291	-25.678438	-2.7544644	2.028953	27.22984	-25.77462	1.8675238	3.6070325	73.53998	-23.873814	1.71817	4.9625716	130.66193	1e-08	2.0034354	5.3548746	112.02296	-11.774976	4.4835377	0.0053153373	0.005396041	0.1236119	0.4645046	2.0777168e-05	-5.4143457	0.004652285	3.0382774e-14	-18.420683	6.919305e-13	-2.0034354	50.002327	978.8789	17686.40470790863
19	-0.17134655	1.1353805	2.9993243	-2.4888313	-1.0820034	5.813048	4.3350577	-24.708359	24.625	69.18562	377.0	0.0	91.775	168.17914	950.0	0.0	1000.0	1000.0	0.14583333	0.175	39478.0	0.039478	950004.0	-2.8133502	2.1168575	21.648203	-23.0926	-2.8133607	2.1168427	21.636497	-23.63698	1.8577592	3.5589726	83.42309	-19.005833	1.722972	5.0061116	159.0522	1e-08	1.9694016	5.2057686	107.59205	-13.861548	4.5256205	0.00476747	0.0047638933	0.1187735	0.44756106	0.0001543848	-5.374574	0.0047776136	2.664195e-14	-18.420683	6.1721125e-13	-1.9694016	50.58899	977.5231	18664.346014022827
20	-0.7451691	1.9170487	2.590346	-6.971249	-4.4448304	9.742395	1.9428465	-29.06285	34.153847	79.764404	400.0	0.0	31.45	91.41224	421.0	0.0	1000.0	1000.0	0.115384616	0.075	41243.0	0.039279047619047616	1000004.0	-2.7638543	1.9798199	11.893505	-19.226803	-2.7638502	1.9798411	12.068762	-19.104898	1.8466425	3.4148574	77.40737	-24.64093	1.7654283	5.043846	136.8357	1e-08	1.9144855	5.1787972	107.56537	-12.257463	4.2698164	0.003802027	0.0038193269	0.11879672	0.43155774	0.0002827158	-5.4815683	0.004309925	2.486178e-14	-18.420683	5.591138e-13	-1.9144858	47.682556	983.78394	19648.369703531265
21	-0.6866178	1.6005791	2.3757992	-7.602038	0.12693533	1.0337464	2.7838335	-2.019318	15.083333	25.293142	104.0	0.0	71.1	181.45561	842.0	0.0	1000.0	1000.0	0.0625	0.125	42020.0	0.0382	1050004.0	-2.548606	1.7716792	0.3670212	-42.133587	-2.5485957	1.7717606	0.44470227	-43.03504	1.8864064	3.264528	72.12287	-33.61756	1.639659	4.949967	148.45941	1e-08	2.029312	5.035719	110.49097	-12.499813	3.888045	0.0033867168	0.003349432	0.10526619	0.39362034	-5.7032565e-05	-5.6865563	0.003508014	2.1202117e-14	-18.420683	5.075346e-13	-2.0293121	50.601547	984.5373	20632.68141078949
22	-0.22363599	1.3912435	4.2859826	-3.709345	-0.42271575	1.6468836	2.7994623	-9.133196	23.73077	54.699917	240.0	0.0	31.525	89.460045	442.0	0.0	1000.0	1000.0	0.15384616	0.1	43201.0	0.03756608695652174	1100004.0	-2.5297692	1.752186	-0.45882964	-38.96033	-2.5297616	1.7521898	-0.49278438	-39.123188	1.8822185	3.0816975	59.240383	-31.511915	1.6437509	4.8884077	122.34918	1e-08	2.0094154	5.3506837	102.05204	-11.358333	3.7926066	0.0035960702	0.0036040717	0.10259457	0.37264976	-3.1215935e-05	-5.7633443	0.0032122766	1.6537705e-14	-18.420683	4.692695e-13	-2.0094154	48.218292	977.167	21609.258044719696
23	-0.29746202	1.1264831	2.5593	-5.3487144	-0.8736305	2.4290688	2.9072344	-12.923457	13.0625	29.002447	146.0	0.0	10.675	37.98051	225.0	0.0	1000.0	1000.0	0.0625	0.05	43865.0	0.036554166666666665	1150004.0	-2.418662	1.7022002	-0.50792694	-38.44358	-2.4186354	1.7022597	-0.5081452	-38.80656	1.8868177	3.1343305	64.658905	-25.439299	1.6922683	5.0273013	139.14792	1e-08	1.9448644	5.0872307	83.823944	-14.118021	3.81574	0.00360698	0.003594214	0.10223901	0.37610093	0.00018818505	-5.907634	0.0028116293	1.3928962e-14	-18.420683	4.4566694e-13	-1.9448644	49.847603	970.12317	22579.54943203926
24	-1.5034784	3.623591	3.0265422	-15.219822	0.048003215	1.030551	3.3959923	-1.5485857	16.538462	41.656315	267.0	0.0	68.1	129.68265	514.0	0.0	1000.0	1000.0	0.15384616	0.15	44688.0	0.0357504	1200004.0	-2.3240979	1.7481664	-0.33782113	-83.63245	-2.3240733	1.748094	-0.51846087	-84.98084	1.9026338	3.08296	75.02674	-22.747236	1.6253616	5.014803	169.45763	1e-08	2.015266	4.9744706	87.301414	-11.06047	3.6807694	0.006028436	0.006079606	0.099219345	0.36835164	-1.2250681e-05	-5.8468714	0.0029695078	1.3332873e-14	-18.420683	4.2131606e-13	-2.0152662	50.19868	974.4035	23554.239386081696
25	-0.9584816	3.2566032	4.632417	-15.4832325	-0.105012715	0.5912108	1.1810421	-1.5093654	16.354166	37.913	175.0	0.0	50.8	165.78017	915.0	0.0	1000.0	1000.0	0.16666667	0.0	45473.0	0.03497923076923077	1250004.0	-2.3402925	1.762892	-0.25369883	-72.673	-2.3403196	1.7628497	-0.43456304	-73.10332	1.8829297	3.0208025	74.15082	-27.953144	1.6947854	5.185452	194.9709	1e-08	1.9816409	5.0075927	81.72553	-12.852373	3.6932528	0.006185201	0.006252304	0.1005207	0.36255297	5.7020854e-05	-5.921016	0.002815504	1.1412686e-14	-18.420683	4.009494e-13	-1.9816409	50.00045	975.75183	24529.752969026566
26	-0.8316059	1.7796812	2.6741142	-6.7551465	-1.1294563	3.5349865	0.4112409	-22.076008	51.634617	99.250656	368.0	0.0	10.775	40.541023	211.0	0.0	1000.0	1000.0	0.07692308	0.0	48158.0	0.035672592592592596	1300004.0	-2.3865345	1.9083536	-0.6521348	-112.81125	-2.3865523	1.9083974	-0.66067946	-111.79102	1.8632325	2.931234	57.533	-20.94658	1.7490276	5.3144584	184.88048	1e-08	1.9588525	5.139801	87.78422	-12.9647455	3.5924468	0.007367506	0.007328796	0.099948995	0.35369438	0.00014148501	-5.886669	0.0028666505	1.1372255e-14	-18.420683	3.8319754e-13	-1.9588525	48.60032	977.16614	25506.905462503433
27	-0.53438616	1.5667108	2.2381248	-7.311382	0.08566162	0.87806547	1.9256606	-2.2458625	13.791667	41.98113	211.0	0.0	31.2	111.25695	503.0	0.0	1000.0	1000.0	0.125	0.15	48820.0	0.034871428571428574	1350004.0	-2.4464	2.0141892	3.200348	-104.96156	-2.4464126	2.01442	3.3011262	-103.15741	1.8602014	2.9295595	75.281624	-30.625965	1.8057945	5.6446	220.2821	1e-08	2.0127819	4.8544765	98.497986	-13.303495	3.7754943	0.008669398	0.008502592	0.10046566	0.3507169	-2.9093095e-05	-5.8091965	0.0030582035	9.310571e-15	-18.420683	3.676213e-13	-2.0127819	46.63062	973.499	26480.872017621994
28	-0.43128347	1.4457935	2.8493068	-6.902298	-0.01876854	1.5190693	3.0133474	-6.7574944	24.807692	75.32878	480.0	0.0	46.1	117.38054	639.0	0.0	1000.0	1000.0	0.057692308	0.15	50110.0	0.03455862068965517	1400004.0	-2.4178581	1.8448929	0.95080256	-77.16896	-2.4178588	1.8448834	1.2565117	-76.1586	1.8516278	2.8994844	102.886345	-30.089287	1.8626741	6.200341	282.19458	1e-08	1.9158291	4.718053	99.25451	-13.697859	3.6090071	0.0051524597	0.0050288625	0.098539434	0.34112015	0.00023488385	-5.9113736	0.002797937	1.0038245e-14	-18.420683	3.5367876e-13	-1.9158291	49.65439	981.2599	27461.862313747406
29	-0.26281345	0.7967896	2.315971	-2.070354	-0.6707605	4.2414784	2.6042295	-26.264025	48.25	142.47815	745.0	0.0	0.375	2.3418744	15.0	0.0	1000.0	1000.0	0.0625	0.125	52426.0	0.034950666666666665	1450004.0	-2.2856274	1.5528371	0.7231182	-19.017685	-2.2856376	1.5528432	0.48178434	-19.599686	1.89338	2.8081532	71.2464	-44.31436	1.70027	5.931991	277.9685	1e-08	2.0235093	4.918034	84.91385	-11.030949	3.4680119	0.0028782464	0.0028679469	0.092037335	0.3241931	-3.4781504e-05	-6.0209837	0.0025293513	7.802745e-15	-18.420683	3.4113402e-13	-2.0235093	48.01729	1003.2034	28465.198997974396
30	-0.38408074	1.4096209	2.5820055	-6.4326305	-0.5437453	2.2990274	3.4917521	-12.20502	15.192307	39.612568	225.0	0.0	6.225	18.15143	88.0	0.0	1000.0	1000.0	0.13461539	0.15	53216.0	0.034332903225806455	1500004.0	-2.1270826	1.358473	-0.65301156	-14.997338	-2.1270995	1.3584691	-0.6777258	-15.100694	1.9034746	2.7140536	62.527596	-47.622307	1.6759019	5.712084	208.01408	1e-08	1.9765147	4.8628173	102.36875	-14.725147	3.2923002	0.002317469	0.0023260189	0.09148328	0.31726253	6.733662e-05	-6.1645813	0.0022166574	6.672638e-15	-18.420683	3.314966e-13	-1.9765146	50.78528	1101.1101	29566.2761220932
31	0.04497813	1.1495286	4.5862184	-1.685575	-0.15792488	0.9734254	2.4181283	-2.049644	17.4375	43.540646	243.0	0.0	38.075	114.47846	504.0	0.0	1000.0	1000.0	0.1875	0.125	54359.0	0.033974375	1550004.0	-2.0198362	1.321723	-0.55056083	-13.391601	-2.01985	1.3217316	-0.5785248	-13.679393	1.9052815	2.6768095	68.86058	-47.957558	1.6742301	6.0337224	233.26558	1e-08	2.0019777	5.0351777	107.144295	-13.695011	3.0974724	0.0023007977	0.0022795466	0.09085045	0.31146204	-1.2435407e-05	-6.1460605	0.0022535413	7.14861e-15	-18.420683	3.2279648e-13	-2.0019777	47.94963	1135.9154	30701.86888194084
32	-0.14548166	1.2418218	3.972546	-2.232971	-0.3609984	1.0271757	2.2030663	-2.0482352	41.826923	113.15624	580.0	0.0	29.45	95.34253	551.0	0.0	1000.0	1000.0	0.17307693	0.1	56228.0	0.03407757575757576	1600004.0	-1.95544	1.3113267	0.37612486	-12.8574505	-1.9554372	1.3113227	0.10255408	-11.738591	1.9264537	2.670744	75.13189	-44.63086	1.6788509	6.6390667	239.01147	1e-08	1.9864595	5.0547996	113.07371	-10.902823	3.2125015	0.0020346846	0.0020322807	0.08699877	0.3069889	3.926401e-05	-5.9951887	0.0025553484	4.813936e-15	-18.420683	3.1439264e-13	-1.9864594	50.981613	1138.7085	31840.63751244545
33	0.15774623	1.0285444	3.2197845	-1.3927405	-0.28638774	0.7405825	2.1590729	-1.6949	7.4583335	33.755222	229.0	0.0	52.525	193.43124	944.0	0.0	1000.0	1000.0	0.22916667	0.05	56633.0	0.03331352941176471	1650004.0	-1.897646	1.3167244	0.8946643	-15.482534	-1.8976444	1.3167255	0.7201946	-15.038106	1.9230614	2.5969267	76.50981	-34.572926	1.7347234	7.1826415	266.78345	1e-08	1.9565153	5.227283	118.23437	-11.706469	3.069313	0.0020858545	0.0020732912	0.083490625	0.29401782	0.00013260206	-5.987378	0.0026247464	4.925655e-15	-18.420683	3.0843205e-13	-1.9565157	50.73046	1140.8685	32981.641979932785
34	-0.14568053	0.98455137	2.8252244	-2.5601451	-0.17369166	1.2921084	2.534706	-5.530883	13.307693	60.268803	421.0	0.0	93.85	228.23296	865.0	0.0	1000.0	1000.0	0.07692308	0.075	57278.0	0.03273028571428571	1700004.0	-1.8390512	1.2780465	1.6960554	-21.35139	-1.8390547	1.2780583	1.8082864	-21.714523	1.9268808	2.5507493	82.96273	-47.838604	1.7163132	7.2102737	286.8766	1e-08	1.9851116	4.817415	110.69515	-12.076868	3.027763	0.002248868	0.0022287027	0.08153955	0.28617722	3.4988872e-05	-6.2542686	0.0019784619	3.7369556e-15	-18.420683	3.0371175e-13	-1.9851118	50.747345	1133.0608	34115.05159187317
35	-0.24094117	0.7829706	2.5110765	-2.5483942	-0.4333663	2.5683901	3.0017352	-12.407202	30.041666	90.16211	448.0	0.0	13.775	58.46815	351.0	0.0	1000.0	1000.0	0.0625	0.075	58844.0	0.03269111111111111	1750004.0	-1.8372263	1.2476292	2.1444008	-23.59086	-1.8372359	1.2476221	1.8626721	-22.604527	1.9353384	2.3862529	62.300976	-37.67305	1.5633558	6.119079	235.77014	1e-08	1.9849147	4.8736353	97.32916	-12.612364	2.8606887	0.0024864865	0.0024782894	0.07692098	0.26919526	3.3682314e-05	-6.236459	0.0020166992	3.5490174e-15	-18.420683	2.9883092e-13	-1.9849147	50.255775	1135.7572	35251.134446144104
36	-0.07122521	1.0516468	2.681991	-2.0930724	-0.24320956	1.6321383	4.750772	-8.422413	19.365385	59.367508	248.0	0.0	14.475	77.467415	493.0	0.0	1000.0	1000.0	0.13461539	0.1	59727.0	0.032284864864864864	1800004.0	-1.7676773	1.2481416	0.44110274	-17.91212	-1.7676896	1.248158	0.4013493	-17.977726	1.9495591	2.3036304	71.6304	-27.178394	1.5195856	6.1987066	252.48605	1e-08	1.9742628	5.0372524	105.48486	-11.614768	2.7547846	0.0022528283	0.0022274524	0.073318206	0.25778857	5.700955e-05	-6.2750287	0.0019371541	3.242551e-15	-18.420683	2.948819e-13	-1.9742628	49.39984	1137.4506	36387.88859081268
37	0.0970143	0.9820741	2.5721338	-2.3493204	-0.21415026	1.7282381	1.5164663	-10.578312	10.354167	38.16275	242.0	0.0	19.3	80.50317	486.0	0.0	1000.0	1000.0	0.125	0.025	60235.0	0.03170263157894737	1850004.0	-1.7358419	1.3059541	-0.1528058	-23.119282	-1.7358435	1.3059456	-0.48956478	-22.718311	1.9505291	2.1497397	65.77273	-37.047626	1.4480553	5.6743164	176.27307	1e-08	1.9567758	4.8820825	100.897964	-11.885246	2.5654833	0.0027341314	0.00271365	0.069001324	0.24408315	7.936206e-05	-6.3395123	0.001836625	3.3811726e-15	-18.420683	2.9127858e-13	-1.9567758	50.41593	1134.5945	37522.62858247757
38	0.21509992	1.0700605	2.438058	-2.3118834	0.029910585	0.66561157	1.7939446	-1.0359116	13.461538	29.160337	124.0	0.0	5.1	19.270184	117.0	0.0	1000.0	1000.0	0.13461539	0.075	60924.0	0.031243076923076922	1900004.0	-1.7559619	1.3506966	0.7455244	-27.477201	-1.7559628	1.3507513	0.17891479	-27.376873	1.9416049	2.1830032	51.161156	-33.79061	1.4901634	5.8327365	223.89713	1e-08	1.9898156	4.8795075	100.73393	-11.828375	2.5133173	0.0028523633	0.002765919	0.069552206	0.2445827	2.2715507e-05	-6.4657745	0.0016112975	4.4052333e-15	-18.420683	2.867642e-13	-1.9898158	48.809486	1140.9875	38663.80225110054
39	-0.013880134	1.1242074	3.6685784	-2.5447536	0.011800796	0.8976964	2.5279694	-1.2105097	17.833334	46.9012	224.0	0.0	14.4	45.78035	223.0	0.0	1000.0	1000.0	0.16666667	0.2	61803.0	0.0309015	1950004.0	-1.7806516	1.3656852	0.14849615	-22.380325	-1.7806487	1.3657023	0.22109771	-22.30605	1.9210516	2.2806833	55.19034	-31.984257	1.6548465	6.596835	258.94174	1e-08	1.984656	5.120572	123.675934	-11.882998	2.6824148	0.002849307	0.0028270185	0.07507683	0.25989884	3.3010387e-05	-6.228463	0.0020797418	3.8977902e-15	-18.420683	2.8186297e-13	-1.9846561	48.834766	1134.5562	39797.90381073952
40	-0.052516382	0.9747715	3.6257813	-2.2504842	-0.23510198	0.95835197	3.5937116	-1.6726053	27.403847	86.809975	563.0	0.0	17.025	52.68467	326.0	0.0	1000.0	1000.0	0.13461539	0.1	63205.0	0.03083170731707317	2000004.0	-1.7797545	1.3550589	-0.28843713	-21.604118	-1.7797335	1.3550365	-0.32454276	-19.641233	1.9408283	2.2211475	56.743153	-37.78085	1.578915	6.691742	267.28568	1e-08	1.947905	5.02635	132.24527	-11.274297	2.6626105	0.0024599822	0.0024656337	0.070868604	0.2500397	0.00010721764	-6.3513837	0.0018380968	3.2783775e-15	-18.420683	2.780783e-13	-1.947905	50.779083	1133.1439	40932.1460185051
41	-0.113820255	0.7734102	2.639316	-1.4944848	-0.10059629	0.8219632	2.6604846	-1.2701781	13.4375	42.915085	222.0	0.0	21.9	80.5614	426.0	0.0	1000.0	1000.0	0.104166664	0.15	64012.0	0.030481904761904762	2050004.0	-1.7044582	1.311941	-0.30411696	-26.852015	-1.7044595	1.3119563	-0.31319118	-26.20423	1.9542639	2.1645014	66.66402	-29.561766	1.4006978	5.692509	216.78587	1e-08	1.9531336	4.396029	85.877174	-12.640394	2.493048	0.002595925	0.0025878649	0.065803	0.2366751	7.8015146e-05	-6.51059	0.0015774567	3.2933528e-15	-18.420683	2.7439428e-13	-1.9531337	50.83231	1137.5669	42069.22813487053
42	-0.1857623	1.3785106	2.7230027	-6.0301023	-0.12298312	0.64944375	1.8166584	-1.315348	8.769231	26.189116	162.0	0.0	38.0	157.8504	916.0	0.0	1000.0	1000.0	0.15384616	0.025	64306.0	0.029909767441860465	2100004.0	-1.6637758	1.3603559	0.8261275	-29.49497	-1.6637622	1.3602995	0.20088124	-29.95484	1.9598925	2.1335196	51.223663	-24.488253	1.3560907	5.4691586	225.46318	1e-08	2.017061	4.383832	88.114784	-12.344372	2.4475472	0.002965675	0.0030138367	0.0634923	0.22830956	-2.2474609e-05	-6.332914	0.0018121998	2.9448987e-15	-18.420683	2.7087151e-13	-2.017061	50.64696	1132.1592	43201.05582976341
43	-0.0655163	1.4277512	2.4376829	-7.8363237	0.00783255	0.7979136	3.2138693	-1.5874015	12.166667	34.30764	136.0	0.0	36.975	155.65547	892.0	0.0	1000.0	1000.0	0.125	0.125	64890.0	0.029495454545454547	2150004.0	-1.6575755	1.4162666	1.0338244	-28.479342	-1.6575729	1.416271	0.77495694	-27.813026	1.9474375	2.154784	54.596794	-36.525906	1.4042553	5.7591157	303.1502	1e-08	1.9588813	4.404013	101.1333	-13.006561	2.4152246	0.002984148	0.0029642456	0.06282582	0.22856134	6.760623e-05	-6.393115	0.0017278	3.3083555e-15	-18.420683	2.6754125e-13	-1.9588814	50.527565	1133.5576	44334.47242021561
44	-0.22127111	0.82437027	1.9756306	-2.2451558	-0.19838631	0.7788544	2.1889606	-1.6342002	16.98077	66.744774	473.0	0.0	24.225	131.13533	838.0	0.0	1000.0	1000.0	0.07692308	0.075	65773.0	0.029232444444444443	2200004.0	-1.5997584	1.4202217	0.6589613	-23.790539	-1.5997562	1.4202176	0.8043091	-24.224243	1.9561881	2.1241205	54.307034	-30.869047	1.3995198	5.8808184	396.46494	1e-08	2.0102587	4.4579496	91.761215	-11.298758	2.5459068	0.0029162948	0.0029037478	0.06303997	0.228435	-5.9916497e-06	-6.5120006	0.0015537622	1.2779924e-15	-18.420683	2.6538654e-13	-2.0102592	51.09723	1140.5447	45474.995035648346
45	0.20587528	1.3470085	4.5778	-1.5247862	-0.26689497	1.2012367	2.5372982	-4.120531	36.104168	123.597336	706.0	0.0	12.175	35.100487	157.0	0.0	1000.0	1000.0	0.20833333	0.1	67729.0	0.029447391304347825	2250004.0	-1.5788931	1.395762	0.45042777	-16.167854	-1.5789003	1.3957527	0.6619048	-15.505311	1.9329156	2.1691155	59.19403	-37.78426	1.5140928	6.4688888	408.53537	1e-08	1.9735872	4.4609137	95.4466	-12.7676525	2.4698334	0.0026937441	0.0026905609	0.06477405	0.23258246	4.9171187e-05	-6.497984	0.0015544598	2.2169237e-15	-18.420683	2.6315828e-13	-1.9735874	51.0424	1133.6296	46608.56384563446
46	0.059610512	0.91968316	2.2870598	-1.5614712	-0.18263529	1.0211495	2.8345282	-2.2906692	16.76923	71.39856	488.0	0.0	31.125	146.68472	940.0	0.0	1000.0	1000.0	0.1923077	0.125	68378.0	0.029097021276595744	2300004.0	-1.5574735	1.3710114	0.645108	-14.826675	-1.5574833	1.3710039	0.88805866	-14.670463	1.9317522	2.146812	60.696533	-23.097603	1.5318786	6.6353507	362.24655	1e-08	1.9922273	4.4284744	94.08653	-12.624767	2.4590485	0.0024813905	0.0024968628	0.0633621	0.22916535	1.4908204e-05	-6.527662	0.0015102038	1.8570043e-15	-18.420683	2.6127193e-13	-1.9922272	50.752686	1134.0454	47742.79143548012
47	-0.16799216	0.7879781	3.6195176	-1.6852106	-0.051070888	0.8135456	2.5953617	-1.8922961	29.916666	131.40457	912.0	0.0	16.1	62.25865	393.0	0.0	1000.0	1000.0	0.083333336	0.1	69814.0	0.029089166666666666	2350004.0	-1.5041707	1.3412725	0.76382375	-16.79048	-1.5041678	1.3412691	0.28588462	-16.213108	1.9078888	2.2568097	74.710236	-25.372995	1.6696628	7.466615	307.44357	1e-08	1.9962627	4.530186	95.77198	-12.491791	2.5433931	0.0024155767	0.0023937405	0.06632207	0.23852248	1.0932493e-05	-6.424886	0.0016792491	1.644613e-15	-18.420683	2.5939925e-13	-1.9962628	50.4945	1134.1187	48877.33451604843
48	-0.23313233	0.9259874	2.9001307	-2.331118	0.17887905	1.2508916	5.506297	-1.5534613	46.557693	127.35165	732.0	0.0	47.725	154.92627	858.0	0.0	1000.0	1000.0	0.115384616	0.175	72235.0	0.029483673469387756	2400004.0	-1.5040622	1.357408	-0.14395404	-22.835754	-1.5040697	1.3574188	-0.039328575	-22.41712	1.89955	2.2101953	78.1922	-27.210772	1.7234129	7.9020457	299.07394	1e-08	1.9921563	4.339799	105.0708	-11.599686	2.470711	0.0025045038	0.0024941305	0.06402749	0.23124507	1.7290282e-05	-6.4175973	0.0016796995	1.8824776e-15	-18.420683	2.5763585e-13	-1.9921563	51.674896	1140.3328	50017.22927546501
49	0.023088066	1.0374521	3.6859403	-1.8810829	-0.04887446	1.0290352	2.3334112	-2.2682176	11.041667	28.941002	138.0	0.0	2.25	10.229247	58.0	0.0	1000.0	1000.0	0.14583333	0.175	72765.0	0.029106	2450004.0	-1.4950457	1.3639679	0.12718487	-22.39355	-1.4950491	1.3639609	0.24056411	-22.60366	1.8933003	2.2680058	63.344215	-25.90328	1.7693031	8.815856	367.68524	1e-08	1.9788677	4.4916854	93.57776	-12.6850195	2.5341103	0.0026009618	0.0026080608	0.066430375	0.2372386	3.909974e-05	-6.45091	0.0016080774	1.78068e-15	-18.420683	2.555859e-13	-1.9788677	50.685173	1144.1995	51161.283502578735
50	-0.025954822	1.025901	2.9216127	-2.1114895	0.2376051	0.74219173	2.5683088	-1.0884725	12.211538	38.23527	231.0	0.0	12.575	56.099857	356.0	0.0	1000.0	1000.0	0.15384616	0.075	73400.0	0.028784313725490195	2500004.0	-1.4946921	1.3920199	1.5374241	-15.843146	-1.4946966	1.3920089	1.483165	-15.691713	1.8802294	2.2399092	64.17856	-28.345356	1.8182303	9.455435	342.8032	1e-08	2.008481	4.6585913	97.25206	-13.371571	2.3954518	0.0027413717	0.0027467432	0.06773381	0.23796865	-3.5183812e-06	-6.4942636	0.001566864	3.0347e-15	-18.420683	2.5327193e-13	-2.008481	48.3727	1137.6155	52300.10824251175
51	-0.010363999	1.0479426	3.11153	-1.8870269	-0.29446965	0.7262646	2.3567915	-2.105977	17.3125	44.913414	204.0	0.0	12.15	63.636684	408.0	0.0	1000.0	1000.0	0.16666667	0.05	74474.0	0.028643846153846155	2550004.0	-1.5052053	1.3437257	0.8520968	-18.182543	-1.5052118	1.3437176	0.9235203	-17.714073	1.8843982	2.1758425	52.913124	-30.533115	1.7816894	9.450244	349.1653	1e-08	1.9816375	4.5880213	107.92733	-11.639209	2.39297	0.002686156	0.0027119238	0.06712561	0.23279355	3.2756296e-05	-6.3889832	0.0017185394	2.4586868e-15	-18.420683	2.5047447e-13	-1.9816376	48.781166	1135.2471	53434.439059734344
52	-0.12125404	1.2020159	4.354412	-1.7077676	0.106824934	1.0913928	2.6257176	-1.6418912	22.326923	83.43877	586.0	0.0	15.575	91.42617	586.0	0.0	1000.0	1000.0	0.13461539	0.225	75392.0	0.028449811320754716	2600004.0	-1.4685447	1.226919	1.9323359	-18.927784	-1.4685411	1.2268966	2.0263064	-17.737974	1.889647	2.208563	56.98489	-35.699203	1.8011378	9.755668	416.9973	1e-08	1.9782186	4.6163044	110.496	-15.149009	2.4640174	0.002349215	0.0023497723	0.06679718	0.23485075	3.218972e-05	-6.59648	0.0014192145	1.8146175e-15	-18.420683	2.48339e-13	-1.9782188	46.804913	1129.5684	54564.05101275444
53	-0.014433746	1.1839305	3.9617589	-1.7406569	-0.022494871	0.9129114	2.4947362	-1.5325663	18.3125	57.59056	357.0	0.0	40.3	123.45246	691.0	0.0	1000.0	1000.0	0.20833333	0.15	76408.0	0.02829925925925926	2650004.0	-1.4462985	1.1294975	0.08142066	-14.815019	-1.4462962	1.1294856	0.13107562	-14.724169	1.8977356	2.215545	66.384995	-49.144783	1.759591	9.188397	355.6187	1e-08	2.0010731	4.696394	113.94703	-12.194338	2.4617348	0.002098513	0.0021093371	0.068087384	0.23888105	-1.3999129e-06	-6.6314383	0.0013642533	1.6931673e-15	-18.420683	2.4666285e-13	-2.0010734	50.968933	1137.2374	55700.91116118431
54	-0.035654567	0.97537214	2.9667332	-1.7860714	0.30168265	0.8455449	2.4712512	-1.8432765	18.48077	51.636112	250.0	0.0	50.15	167.26648	770.0	0.0	1000.0	1000.0	0.15384616	0.175	77232.0	0.028084363636363636	2700004.0	-1.4201632	1.0912713	0.15832758	-15.526817	-1.4201522	1.0912431	0.18452907	-15.391398	1.9092016	2.2010062	55.240685	-27.472748	1.7015698	8.867515	335.03308	1e-08	1.9736493	4.739188	115.25924	-12.294418	2.4759815	0.0020482817	0.0020478568	0.068273485	0.23939644	3.9439386e-05	-6.687815	0.0013171308	1.038214e-15	-18.420683	2.4549012e-13	-1.9736493	46.715256	1136.0515	56837.3618915081
55	-0.030966898	0.7689779	2.7902286	-1.9846021	0.05588297	0.98528373	3.5956922	-1.3846933	13.729167	42.588505	222.0	0.0	15.975	75.82462	476.0	0.0	1000.0	1000.0	0.14583333	0.125	77891.0	0.027818214285714286	2750004.0	-1.400541	1.1053116	0.48402238	-22.380278	-1.4005449	1.1052947	0.31300926	-21.469856	1.9032283	2.2048547	78.90945	-32.57644	1.7039765	9.1008835	366.93787	1e-08	1.9738384	4.7229433	116.516396	-13.700839	2.3422337	0.0020804198	0.0021093986	0.067840554	0.23985077	4.0993462e-05	-6.754592	0.001204096	2.2172095e-15	-18.420683	2.4361608e-13	-1.9738384	50.606644	1139.3016	57976.53262138367
56	0.3208634	1.4103551	4.5952473	-1.5927417	-0.118065044	0.8426623	2.786837	-1.3952916	16.384615	41.53458	205.0	0.0	2.9	10.728001	63.0	0.0	1000.0	1000.0	0.3653846	0.075	78743.0	0.027629122807017546	2800004.0	-1.4191878	1.1919777	1.6292624	-33.07639	-1.4192036	1.1919161	1.3702219	-33.374237	1.9090425	2.2299736	75.21369	-38.36686	1.6821594	9.271152	421.4853	1e-08	1.9844127	4.760652	137.79218	-14.409468	2.3950443	0.0027458838	0.002863261	0.067452155	0.23895134	2.7113401e-05	-6.517485	0.00152642	2.0481907e-15	-18.420683	2.416745e-13	-1.9844128	50.636932	1137.9622	59114.50286388397
57	-0.09841766	0.8885056	2.6258664	-1.7225027	0.24140187	1.0783376	5.2697415	-1.5324845	18.708334	51.559414	326.0	0.0	59.825	148.54474	808.0	0.0	1000.0	1000.0	0.104166664	0.1	79641.0	0.02746241379310345	2850004.0	-1.5156188	1.3491061	1.1890142	-45.71064	-1.5156131	1.3491539	0.6697211	-44.210102	1.893003	2.262017	77.221054	-56.245193	1.7387755	9.81961	414.67828	1e-08	1.9910599	4.696111	119.07593	-11.888523	2.4008389	0.0035600276	0.0035135269	0.06774033	0.24158277	1.805801e-05	-6.52267	0.0015187155	3.4904676e-15	-18.420683	2.3892487e-13	-1.9910599	48.38686	1132.6802	60246.897097587585
58	-0.1267688	0.82291234	1.8089038	-2.005565	-0.061833512	0.83861953	1.7232007	-2.317915	36.53846	95.927155	425.0	0.0	44.275	185.12334	936.0	0.0	1000.0	1000.0	0.115384616	0.15	81541.0	0.027641016949152542	2900004.0	-1.6066812	1.4280581	0.27752042	-47.642403	-1.6066967	1.4281629	0.14816642	-47.35231	1.8863181	2.3041735	87.21646	-59.747204	1.766351	10.038386	411.65152	1e-08	1.9837941	4.4627805	96.88224	-11.094132	2.5758104	0.0038073368	0.0037737312	0.06973599	0.24567789	3.6111804e-05	-6.569532	0.0014612442	2.8755786e-15	-18.420683	2.3610486e-13	-1.9837941	52.007652	1145.009	61391.99823498726
59	-0.3427124	0.812035	2.5587163	-2.1268134	-0.26109576	0.77324617	2.7298267	-1.4486338	15.520833	39.615334	172.0	0.0	29.75	140.80833	894.0	0.0	1000.0	1000.0	0.0625	0.05	82286.0	0.027428666666666667	2950004.0	-1.6306503	1.4632025	-0.0015459061	-40.464508	-1.6306509	1.4632442	-0.06996393	-46.346893	1.9095598	2.2110486	64.17889	-68.5435	1.6476595	9.327018	381.99808	1e-08	1.8888581	4.431623	99.67829	-12.190099	2.5739112	0.0040600295	0.0040573757	0.06746811	0.23706546	0.00013471268	-6.8038063	0.0011946181	2.1929177e-15	-18.420683	2.3336224e-13	-1.8888581	51.91934	1152.4524	62544.304208517075
60	-0.10172697	0.74803936	2.3335667	-1.5443215	0.07500273	1.0383749	4.277817	-1.4084817	38.307693	115.76378	588.0	0.0	46.25	148.07173	906.0	0.0	1000.0	1000.0	0.09615385	0.15	84278.0	0.027632131147540984	3000004.0	-1.6577283	1.4999632	-0.07568526	-32.78866	-1.6577258	1.4999152	-0.12915754	-31.199142	1.9156954	2.249918	65.27508	-72.890144	1.5939039	8.586213	411.65823	1e-08	2.0362508	4.6087527	102.558624	-11.495633	2.6703162	0.0040581683	0.0040921494	0.0692259	0.24296519	-3.6809884e-05	-6.668814	0.0013420923	1.6837669e-15	-18.420683	2.318744e-13	-2.0362506	51.835793	1160.7334	63706.50119495392
61	0.10934585	0.86210173	3.0985749	-1.6975499	-0.1671953	0.66222733	1.4792051	-1.2846773	24.3125	75.99621	379.0	0.0	16.925	56.73288	257.0	0.0	1000.0	1000.0	0.125	0.05	85445.0	0.027562903225806453	3050004.0	-1.7129948	1.5665803	4.8248744	-36.854126	-1.7129756	1.5666068	4.5815835	-33.967785	1.9036562	2.2357907	52.698837	-66.293076	1.5944406	8.549989	420.27957	1e-08	1.9840618	4.5678883	93.22155	-13.929016	2.6017432	0.0044870963	0.004409647	0.068733595	0.24000356	2.9844914e-05	-6.5554585	0.001464364	2.6742986e-15	-18.420683	2.2986346e-13	-1.9840622	50.60886	1151.161	64856.24203491211
62	-0.009558403	1.1485233	3.3877082	-2.1851087	-0.031131947	0.8978862	2.865876	-1.7913841	19.346153	59.0713	272.0	0.0	19.325	69.049034	417.0	0.0	1000.0	1000.0	0.17307693	0.075	86451.0	0.027444761904761906	3100004.0	-1.78098	1.6370039	18.482449	-27.20274	-1.7809538	1.6369777	19.910446	-26.085613	1.8927519	2.2467809	49.88896	-45.276054	1.5514354	8.052102	422.8634	1e-08	2.003236	4.543052	105.00508	-11.922752	2.749687	0.005144247	0.0051135793	0.07133823	0.24313602	-6.1284877e-06	-6.44503	0.0016204547	1.9217136e-15	-18.420683	2.2751852e-13	-2.003236	51.928417	1148.3562	66004.8133111
63	-0.078544356	1.1352638	3.8061886	-1.7489079	-0.022083104	1.0591404	3.123861	-1.918922	24.208334	88.25696	523.0	0.0	93.65	222.35541	949.0	0.0	1000.0	1000.0	0.14583333	0.2	87642.0	0.027388125	3150004.0	-1.8079923	1.7451192	25.074131	-37.261414	-1.8079839	1.7451355	25.354897	-37.43964	1.9067689	2.297761	55.05518	-49.864807	1.5325817	8.199527	471.25116	1e-08	1.9142933	4.4391537	103.731186	-11.235247	2.8409216	0.0061263354	0.0061037177	0.07003992	0.24570033	0.00013370259	-6.626786	0.001383488	1.7856782e-15	-18.420683	2.260154e-13	-1.9142933	50.904846	1148.7712	67153.55524301529
64	-0.1582539	0.8733111	3.2464418	-2.1341453	-0.62035024	0.7559461	2.062838	-2.3820164	21.096153	82.1774	430.0	0.0	20.95	119.40392	766.0	0.0	1000.0	1000.0	0.09615385	0.025	88710.0	0.027295384615384614	3200004.0	-1.8875284	1.953929	27.072792	-43.68499	-1.887529	1.9538815	28.511885	-44.491848	1.8951815	2.3148358	58.099792	-49.61985	1.590489	8.448392	471.10794	1e-08	2.003723	4.4107323	89.91836	-13.373652	2.95131	0.007529969	0.007532565	0.07283924	0.24951907	-4.9725463e-06	-6.5375786	0.0014942243	1.6778977e-15	-18.420683	2.2433387e-13	-2.003723	48.208805	1148.9089	68303.26903748512
65	-0.1994661	0.74594045	2.2940848	-1.5431218	-0.32307187	0.63997394	1.7180138	-1.7274368	21.854166	104.56317	717.0	0.0	5.675	16.1065	74.0	0.0	1000.0	1000.0	0.083333336	0.05	89789.0	0.027208787878787877	3250004.0	-1.9686147	2.0779321	6.4356194	-42.98151	-1.9686152	2.0779195	7.046241	-42.357082	1.8843328	2.3048434	56.289665	-62.97036	1.6347328	8.453692	489.8713	1e-08	1.9701558	4.2932444	132.2929	-11.967508	3.087685	0.008165585	0.008162599	0.075255536	0.25153232	5.2330837e-05	-6.561899	0.0014674435	1.2410711e-15	-18.420683	2.2311326e-13	-1.9701555	46.715294	1149.9482	69452.61176276207
66	0.038969073	0.9050381	3.2214756	-1.9289597	-0.297437	1.0221878	3.939177	-1.8851309	26.961538	125.343834	857.0	0.0	3.975	14.977463	90.0	0.0	1000.0	1000.0	0.13461539	0.1	91161.0	0.027212238805970148	3300004.0	-2.096825	2.2272727	2.6898098	-61.396187	-2.096806	2.227186	2.8459778	-62.308968	1.8886125	2.3124528	67.14846	-73.7334	1.6100816	8.461079	576.7748	1e-08	2.00552	4.6620145	159.19423	-11.613943	3.1814213	0.01088349	0.011172781	0.07483782	0.25228387	-5.730319e-06	-6.5116277	0.0015151931	1.3435312e-15	-18.420683	2.2211452e-13	-2.0055203	50.952072	1155.1118	70607.50488448143
67	0.089571595	0.8893341	3.50115	-1.3744048	-0.18608907	0.5604603	1.7020015	-1.3599368	27.041666	113.935646	772.0	0.0	27.075	138.6188	880.0	0.0	1000.0	1000.0	0.083333336	0.025	92675.0	0.027257352941176472	3350004.0	-2.3326986	2.5425525	8.344046	-74.90559	-2.332726	2.5425172	8.418526	-78.05132	1.8817303	2.3253577	79.75978	-55.191525	1.6496671	8.592903	553.3716	1e-08	1.9685432	4.3535733	104.33632	-12.265772	3.4397469	0.015345998	0.015631387	0.07604642	0.2543214	5.620261e-05	-6.4141526	0.0016746697	1.3870027e-15	-18.420683	2.2050685e-13	-1.9685432	48.002342	1146.8208	71754.748857975
68	-0.14685798	0.6224506	1.257465	-1.5999705	-0.3517684	0.9451527	2.1058822	-2.9143386	22.961538	102.60903	710.0	0.0	28.9	144.94339	919.0	0.0	1000.0	1000.0	0.0	0.075	93653.0	0.027145797101449275	3400004.0	-2.5884378	2.8084905	6.210507	-90.36625	-2.5884595	2.8085706	6.969665	-91.80207	1.8867035	2.3975334	79.95311	-49.1342	1.6729969	8.71623	536.75195	1e-08	2.0039096	4.3900056	105.624466	-13.245824	3.8315763	0.018225068	0.018261012	0.0785348	0.2614521	-1.9584418e-06	-6.4865375	0.0015587228	8.3647643e-16	-18.420683	2.1973361e-13	-2.0039093	50.052372	1150.4539	72904.78638195992
69	-0.2573367	1.0130979	3.2652936	-2.401563	-0.12862407	0.900508	1.8773613	-1.9536215	45.291668	124.537636	723.0	0.0	11.225	53.136845	326.0	0.0	1000.0	1000.0	0.104166664	0.125	95862.0	0.02738914285714286	3450004.0	-2.8319066	2.9370983	0.46077347	-88.637505	-2.8319237	2.9370713	0.45240307	-90.73805	1.8849453	2.428446	65.96613	-42.319206	1.7153155	9.120148	541.44653	1e-08	1.9989635	4.2523293	115.59092	-12.193761	4.103356	0.018948417	0.019198017	0.076843	0.2623769	9.613306e-06	-6.420008	0.0016595761	8.999043e-16	-18.420683	2.1905969e-13	-1.9989635	51.300392	1148.5997	74053.40158200264
70	-0.32798702	1.4828807	2.4661324	-7.21359	-0.008686328	0.7480552	1.7364454	-2.27996	16.01923	45.654007	222.0	0.0	7.575	39.283512	251.0	0.0	1000.0	1000.0	0.115384616	0.125	96660.0	0.027228169014084508	3500004.0	-2.9176466	3.1425774	0.8385587	-121.99801	-2.9176538	3.1427631	1.7458215	-120.95008	1.8595897	2.4390008	69.394035	-47.57199	1.822771	9.804277	663.76227	1e-08	1.9836243	4.2525816	105.5879	-13.496641	3.9773111	0.024384571	0.02414856	0.07839202	0.26473597	4.7475263e-05	-6.190056	0.0020853414	3.009271e-15	-18.420683	2.1713482e-13	-1.9836246	46.060974	1150.836	75205.29360222816
71	-0.21250282	0.6289714	1.1557583	-1.8702775	-0.3947015	0.9898294	1.3636507	-3.4029496	15.25	45.75774	255.0	0.0	7.55	19.822903	79.0	0.0	1000.0	1000.0	0.020833334	0.05	97511.0	0.02708638888888889	3550004.0	-2.971535	3.1689892	6.4901805	-122.71382	-2.9716232	3.1690047	6.9285774	-123.19209	1.8555713	2.4634097	77.90138	-70.27471	1.8290846	9.684317	638.9755	1e-08	2.0019836	4.012995	100.06061	-11.891325	4.1182833	0.02521566	0.024957385	0.0812615	0.26788116	5.494909e-06	-6.0542	0.0023773655	2.5146784e-15	-18.420683	2.1463334e-13	-2.0019836	50.24125	1157.7656	76361.87462687492
72	-0.6139412	1.34924	1.1325705	-8.438179	-0.3943009	0.8937603	2.6615343	-2.1371279	8.596154	29.205019	173.0	0.0	9.925	46.28574	295.0	0.0	1000.0	1000.0	0.0	0.05	97839.0	0.026805205479452053	3600004.0	-2.9017613	2.8344636	5.2171307	-65.82213	-2.901742	2.8343241	5.004752	-66.068474	1.8544451	2.476978	70.611145	-60.70781	1.9238124	10.196567	636.636	1e-08	1.9580643	4.420387	130.44917	-12.689966	4.2493668	0.017979087	0.018166376	0.08765592	0.2791893	7.332206e-05	-6.381439	0.0017394912	5.1676506e-16	-18.420683	2.1338355e-13	-1.9580643	47.26722	1144.19	77506.1581389904
73	-0.55886596	1.0774952	1.6033244	-2.8147	-1.3997471	1.2743627	0.8968239	-4.064102	11.1875	33.73157	185.0	0.0	3.925	13.89494	85.0	0.0	1000.0	1000.0	0.083333336	0.025	98376.0	0.02658810810810811	3650004.0	-2.7040906	2.5757182	1.8171945	-94.49216	-2.7040644	2.5755234	1.2889204	-97.471725	1.8873786	2.3606498	64.69173	-43.475994	1.7581224	10.04621	649.87305	1e-08	2.0033584	4.4114776	88.94813	-12.149081	3.9402125	0.014203433	0.014271133	0.07584982	0.25454098	7.0971773e-06	-6.462521	0.001600311	7.7848225e-16	-18.420683	2.1307393e-13	-2.0033581	51.130013	1150.4026	78656.78960800171
74	-0.15448038	1.0399989	2.9594953	-3.237661	-0.17092495	0.66952616	1.7685494	-1.6141365	1.25	6.661817	47.0	0.0	21.1	125.82445	806.0	0.0	1000.0	1000.0	0.115384616	0.05	98441.0	0.026250933333333334	3700004.0	-2.6385403	2.6900508	-0.04377222	-151.41707	-2.6385791	2.6908424	0.088664055	-154.04494	1.8842679	2.3611758	66.87136	-35.587833	1.7115273	9.748256	643.68976	1e-08	1.9993525	4.3584166	105.38056	-11.777718	3.703842	0.019839182	0.019589502	0.07392225	0.25540364	2.6334e-06	-6.4624305	0.0016120236	2.1632148e-15	-18.420683	2.1183501e-13	-1.9993525	51.443798	1154.8684	79811.49775362015
75	-0.46606123	0.93315196	2.0828445	-4.0300083	-0.13242073	0.79234606	1.8140812	-2.900786	5.6041665	14.714987	77.0	0.0	25.375	126.82264	812.0	0.0	1000.0	1000.0	0.0625	0.075	98716.0	0.025977894736842106	3750004.0	-2.6989288	2.9589484	1.4325356	-134.73169	-2.698934	2.9589865	1.9331322	-127.92137	1.8847172	2.3224173	80.04045	-24.686771	1.6947266	9.775126	667.8381	1e-08	1.9819325	4.0669165	107.17779	-13.009715	3.707537	0.025875632	0.025683813	0.0732684	0.25363907	4.0198312e-05	-6.250267	0.0019592694	2.4145263e-15	-18.420683	2.1003455e-13	-1.9819326	49.896736	1152.3994	80964.11185908318
76	-0.2829904	0.7910978	2.378143	-2.9161017	-0.24009998	0.7536306	2.4109972	-1.552697	11.576923	34.035244	197.0	0.0	20.35	101.73263	648.0	0.0	1000.0	1000.0	0.03846154	0.05	99312.0	0.025795324675324676	3800004.0	-2.8253772	3.3577754	7.1228676	-181.18803	-2.8253863	3.3585577	7.656092	-183.93677	1.8807865	2.3479016	75.87751	-25.021988	1.731643	10.174761	764.04956	1e-08	1.9944712	4.2057676	97.882324	-11.453088	3.7918959	0.039271664	0.03818973	0.075269744	0.2569968	1.744043e-05	-6.2124486	0.0020558578	3.1474872e-15	-18.420683	2.0748708e-13	-1.9944711	51.528664	1159.2386	82122.9412958622
77	-0.35842323	0.63956946	1.9852647	-1.8934822	-0.38552517	0.6119081	0.43253082	-1.8648432	23.791666	73.22908	409.0	0.0	31.95	144.66685	925.0	0.0	1000.0	1000.0	0.020833334	0.0	100454.0	0.0257574358974359	3850004.0	-2.92114	3.5060616	16.983154	-142.6263	-2.921133	3.5062766	15.05587	-142.3209	1.863839	2.3620882	87.512794	-18.93256	1.7719511	10.527069	732.0741	1e-08	1.9891869	3.8682141	89.384384	-12.73446	3.679822	0.03788866	0.03662281	0.07451593	0.25516775	3.474635e-05	-6.0901937	0.0023084192	4.9584635e-15	-18.420683	2.0412525e-13	-1.9891872	49.772934	1148.043	83271.09669137001
78	-1.0217526	2.2727506	1.4840176	-13.102975	-2.909634	5.3565435	0.52709997	-23.038887	4.8653846	21.00094	122.0	0.0	6.9	22.12442	115.0	0.0	1000.0	1000.0	0.03846154	0.05	100707.0	0.025495443037974682	3900004.0	-2.932382	3.5696888	11.062553	-137.62738	-2.9323187	3.5697703	11.286688	-139.76404	1.8860496	2.377399	66.313965	-19.22131	1.7113693	10.402544	812.2973	1e-08	1.9943122	4.0656004	102.09228	-12.207544	4.012645	0.04158322	0.040373024	0.07381215	0.2553631	2.171828e-05	-6.1831074	0.0020977587	2.169164e-15	-18.420683	2.0092863e-13	-1.9943125	43.47321	899.032	84170.4455268383
79	-0.59072536	1.9141567	2.8881435	-12.165989	-0.26951474	0.84405136	2.5957725	-2.0784247	3.4583333	20.61751	143.0	0.0	6.425	28.794868	177.0	0.0	1000.0	1000.0	0.041666668	0.05	100873.0	0.02521825	3950004.0	-3.0093942	3.453302	10.456541	-165.63089	-3.0094216	3.4534483	10.161898	-165.42929	1.9065391	2.379271	70.57705	-26.039091	1.6973702	10.53122	784.282	1e-08	1.9892416	4.4905834	156.00967	-14.548599	4.2349343	0.038252015	0.037962064	0.07330586	0.25470677	2.9989515e-05	-6.18352	0.002095603	1.0321286e-15	-18.420683	2.0004332e-13	-1.9892416	45.202667	755.4413	84925.38588404655
80	-0.41632074	1.0993005	2.5611732	-2.416574	-0.35837156	0.7250527	1.5827941	-1.7955691	8.711538	22.233322	109.0	0.0	13.375	39.34761	201.0	0.0	1000.0	1000.0	0.115384616	0.075	101326.0	0.025018765432098765	4000004.0	-3.0527103	3.262078	20.62093	-227.0084	-3.0527709	3.2630675	20.774267	-225.44044	1.8994362	2.351881	67.1159	-27.779375	1.677214	10.6282215	828.7173	1e-08	1.9996209	3.7709785	82.725914	-12.373047	3.7827342	0.039704148	0.038896166	0.07172674	0.2511418	1.6050297e-05	-5.9782333	0.0025602784	4.8995223e-15	-18.420683	1.9784517e-13	-1.9996209	45.563457	658.22754	85584.24434638023
81	-3.289518	5.5851936	1.2380488	-20.305756	-2.7073948	6.182	3.1404262	-24.756445	24.395834	129.61624	902.0	0.0	10.6	52.939964	338.0	0.0	1000.0	1000.0	0.083333336	0.025	102497.0	0.024999268292682928	4050004.0	-2.7969263	3.026195	23.25919	-157.47366	-2.796918	3.0264757	23.3707	-159.20905	1.8965013	2.4233198	85.47983	-25.31787	1.666976	10.175771	695.87335	1e-08	1.9967878	3.9489605	72.39412	-12.416483	3.6111076	0.035249032	0.03435518	0.07199234	0.25539702	9.4483285e-06	-6.201998	0.0020790226	4.423976e-15	-18.420683	1.9392491e-13	-1.9967878	44.169453	670.3869	86253.99215984344
82	-1.7489944	5.342213	2.281127	-21.522802	-0.42002946	1.6174972	1.9832975	-9.269175	18.307692	58.11545	298.0	0.0	11.725	28.03033	108.0	0.0	1000.0	1000.0	0.07692308	0.075	103449.0	0.024927469879518074	4100004.0	-2.409067	2.6599748	25.204767	-140.32281	-2.409084	2.659814	24.29172	-137.99182	1.9027061	2.317989	72.427704	-26.718445	1.6381932	10.687941	788.1433	1e-08	1.9833376	3.9581103	76.82941	-11.830855	3.2265456	0.021584937	0.021449141	0.069038786	0.24249853	4.424928e-05	-6.2198586	0.002020876	3.5600765e-15	-18.420683	1.9071225e-13	-1.9833376	45.426163	662.2529	86916.3438334465
83	-0.11264452	0.90067655	2.4697695	-2.1394215	-0.22781353	0.91297066	2.569303	-1.9467309	26.833334	101.66516	607.0	0.0	24.125	91.62264	497.0	0.0	1000.0	1000.0	0.104166664	0.075	104737.0	0.024937380952380954	4150004.0	-2.0906982	2.2150416	2.6963282	-119.17124	-2.0906532	2.2151496	2.3399653	-124.53416	1.9212022	2.2443864	69.900536	-28.169079	1.6230594	11.187806	817.5029	1e-08	1.9576137	4.0672574	86.00951	-13.258107	3.0916498	0.015844211	0.015779536	0.06625949	0.23618902	6.601514e-05	-6.597041	0.0014018036	1.5084264e-15	-18.420683	1.8895001e-13	-1.9576141	40.82469	648.8976	87565.26759266853
84	-0.29410884	0.9068066	3.0122793	-2.5935814	-0.4278102	0.69604295	0.67021275	-2.8697085	42.5	135.44052	684.0	0.0	53.025	194.4157	943.0	0.0	1000.0	1000.0	0.07692308	0.0	106947.0	0.025164	4200004.0	-1.9304004	1.9966004	1.4386692	-126.67059	-1.9303821	1.9958464	1.5214891	-125.42356	1.9247193	2.15171	68.98943	-18.019325	1.5687251	10.695535	749.639	1e-08	1.9819076	3.9509802	100.250626	-12.09017	2.7945225	0.014456768	0.01429428	0.060857862	0.2218866	3.6056706e-05	-6.5022464	0.001534544	1.8586975e-15	-18.420683	1.875812e-13	-1.9819075	44.411835	658.0674	88223.22971606255
85	-0.43152055	2.1803203	3.0529907	-13.7487135	-0.12978032	0.68116575	1.9603786	-1.6653473	81.25	210.56546	950.0	0.0	7.225	27.25939	125.0	0.0	1000.0	1000.0	0.104166664	0.05	110847.0	0.025778372093023257	4250004.0	-1.7467397	1.763592	1.2290096	-107.71729	-1.7467635	1.7634113	1.3098631	-103.532005	1.943231	2.0972965	61.854065	-16.10129	1.4179872	9.70613	831.32544	1e-08	1.9793478	4.2144117	85.217766	-11.054007	2.6094859	0.009765889	0.009712693	0.060025085	0.21735273	2.5857338e-05	-6.687835	0.0012814462	1.4241329e-15	-18.420683	1.8644201e-13	-1.9793477	44.780582	649.82294	88873.09547638893
86	-0.17103145	0.78397393	2.1942804	-1.882341	-0.16139916	1.0715616	3.2648473	-2.0140195	8.307693	25.104042	138.0	0.0	1.05	4.99975	30.0	0.0	1000.0	1000.0	0.07692308	0.1	111279.0	0.025581379310344828	4300004.0	-1.5978842	1.6515257	1.0148816	-69.61829	-1.5979118	1.6517198	0.9407668	-71.39979	1.9388765	2.095112	60.743416	-17.84333	1.4062937	9.539016	821.8625	1e-08	1.9975553	4.073996	116.530075	-11.708209	2.4874346	0.008156816	0.0078207785	0.060236122	0.21619682	1.3062373e-05	-6.596212	0.0013943388	1.1699217e-15	-18.420683	1.8545578e-13	-1.997555	38.9451	665.51404	89538.49888396263
87	-0.11505798	1.1442032	2.9451795	-3.8050315	-0.08979264	0.6749426	1.866994	-1.1834888	17.625	40.852184	168.0	0.0	26.75	125.82105	792.0	0.0	1000.0	1000.0	0.14583333	0.1	112325.0	0.02552840909090909	4350004.0	-1.4596022	1.50485	0.8214593	-89.598885	-1.4595972	1.5045238	0.8205342	-62.78751	1.9499241	2.121904	73.30316	-20.000282	1.3245406	8.761179	687.6452	1e-08	1.9875109	4.1083665	106.74433	-11.549048	2.3975515	0.0072514582	0.0069083525	0.059493244	0.21726659	1.7132152e-05	-6.765535	0.0011888873	8.7959083e-16	-18.420683	1.8480886e-13	-1.9875109	41.614624	619.4402	90158.08113574982
88	-0.17711462	0.89131415	3.3138742	-1.8225354	-0.13887066	0.6227576	1.906886	-2.0260134	25.653847	78.4805	438.0	0.0	60.0	196.17862	893.0	0.0	1000.0	1000.0	0.13461539	0.025	113459.0	0.02549640449438202	4400004.0	-1.4455683	1.4421805	1.2195396	-51.135017	-1.4455594	1.4420927	1.1355443	-48.010685	1.9479314	2.0851567	59.163445	-17.386946	1.3523748	9.283688	760.6124	1e-08	1.9620833	4.3334503	119.3205	-12.575127	2.2877982	0.0059061158	0.0060169403	0.059728276	0.21556857	3.4856443e-05	-6.9209476	0.0010222428	1.3932231e-15	-18.420683	1.8388054e-13	-1.9620835	41.914337	499.83075	90657.73693060875
89	-0.08191005	0.90735525	2.7485216	-1.8113483	0.21380691	1.0706955	2.8868136	-1.4710028	19.125	65.78298	296.0	0.0	4.4	13.615799	76.0	0.0	1000.0	1000.0	0.083333336	0.2	114456.0	0.025434666666666668	4450004.0	-1.4840437	1.6163555	1.3720922	-66.38492	-1.4840581	1.6162446	1.2564111	-65.53892	1.9600916	2.0041277	57.416107	-14.182924	1.2695729	8.419568	598.6378	1e-08	2.0069609	4.628165	102.05835	-13.828882	2.2410128	0.009217492	0.009341206	0.056893427	0.20689403	4.9876458e-06	-6.9513836	0.0010045179	1.458457e-15	-18.420683	1.8291786e-13	-2.0069609	35.835884	497.98355	91155.909927845
90	-0.20029977	1.0105813	2.9961438	-1.5871235	-0.44473594	0.8112767	2.113699	-2.3078449	19.23077	55.11338	328.0	0.0	17.425	49.226967	251.0	0.0	1000.0	1000.0	0.09615385	0.025	115377.0	0.025357582417582417	4500004.0	-1.5274799	1.621742	8.559584	-45.76441	-1.5275153	1.6218804	8.271196	-37.89078	1.9560254	1.9370836	54.65407	-12.683222	1.227268	7.985531	649.27264	1e-08	2.0237389	4.5826173	116.38428	-12.590267	2.0524833	0.007379768	0.0073529896	0.054888677	0.19872542	-2.5175435e-05	-6.71929	0.0012337982	2.7771286e-15	-18.420683	1.8121735e-13	-2.0237389	41.413445	505.69727	91662.40320277214
91	0.07518808	0.91894674	2.7006133	-1.3315754	-0.013487065	0.8537193	2.4096332	-2.0225263	22.916666	119.3571	811.0	0.0	21.05	108.806465	692.0	0.0	1000.0	1000.0	0.1875	0.125	116477.0	0.02532108695652174	4550004.0	-1.4205692	1.4581997	6.395562	-51.306717	-1.420556	1.458093	7.3205466	-45.90659	1.966663	1.9204181	59.03061	-21.500023	1.1598076	6.779441	537.8931	1e-08	1.9594969	4.2676115	113.330605	-13.441911	2.1786356	0.0052514644	0.0052345954	0.05427209	0.19879766	4.8578044e-05	-6.8930264	0.0010514918	8.3684235e-16	-18.420683	1.799895e-13	-1.9594969	39.36128	508.99548	92170.411039114
92	-0.13976972	0.8932077	3.0323207	-1.793241	0.067817435	0.95581734	3.308421	-1.6238761	23.115385	75.34553	499.0	0.0	110.425	238.34198	806.0	0.0	1000.0	1000.0	0.09615385	0.15	117679.0	0.02530731182795699	4600004.0	-1.2515327	1.1454635	0.8830776	-36.872852	-1.2515329	1.1452371	1.060924	-29.702888	1.9556495	1.9705694	66.97868	-12.901047	1.1610905	6.457516	439.81415	1e-08	2.0013576	4.2834673	130.35497	-13.421337	2.003789	0.0031282345	0.0032688451	0.054447103	0.1994711	2.6128423e-06	-6.8940973	0.0010272298	1.1155988e-15	-18.420683	1.7924173e-13	-2.0013578	41.677567	526.62756	92697.22870659828
93	-0.22171706	0.80974543	1.9914435	-1.6559105	-0.03191725	1.0359589	3.5389879	-1.6707244	30.0	131.37875	874.0	0.0	47.475	179.36206	893.0	0.0	1000.0	1000.0	0.083333336	0.2	119133.0	0.02534744680851064	4650004.0	-1.049147	0.950467	0.6102009	-26.689949	-1.0491503	0.95038	0.5644374	-27.459658	1.9571264	1.9782835	60.013107	-22.991617	1.1454868	6.4388337	404.35345	1e-08	1.9783694	4.2011633	133.2699	-12.23153	1.836194	0.0023438015	0.0024575335	0.054491796	0.2002434	2.0504045e-05	-7.079169	0.00086558616	7.6252045e-16	-18.420683	1.7868782e-13	-1.9783695	42.039856	504.06976	93201.23319768906
94	0.040521227	0.9213438	3.1247544	-1.7838596	0.04929036	0.77043015	2.1939723	-0.9488575	19.634615	59.33997	304.0	0.0	24.85	98.511055	474.0	0.0	1000.0	1000.0	0.13461539	0.125	120140.0	0.02529263157894737	4700004.0	-0.9464467	0.8783311	0.33930063	-33.13506	-0.94645095	0.87819964	0.40194607	-30.5995	1.9477906	1.9782803	61.796608	-23.405607	1.1932795	6.8280315	480.19055	1e-08	1.9760362	4.4598885	124.34684	-13.453718	1.678522	0.0020837237	0.0021458399	0.054885596	0.2003601	1.7163558e-05	-7.196898	0.00081690215	1.2923325e-15	-18.420683	1.7785908e-13	-1.9760362	42.227356	502.8521	93704.01842904091
95	0.075823374	1.1623375	4.489355	-1.6029619	4.8279762e-05	0.68583506	1.9070338	-1.2495234	37.541668	130.30908	778.0	0.0	44.425	154.86734	915.0	0.0	1000.0	1000.0	0.1875	0.1	122196.0	0.0254575	4750004.0	-0.88635767	0.8387278	0.3015313	-44.227432	-0.8863577	0.83876604	0.3885007	-47.39204	1.943092	1.9446473	59.38594	-20.228338	1.1832346	6.622723	498.02142	1e-08	1.9584987	4.557112	122.12819	-11.180595	1.547227	0.0021419944	0.002121684	0.05389132	0.1978297	4.0275503e-05	-7.1933136	0.00079956383	1.4959443e-15	-18.420683	1.7684506e-13	-1.958499	36.924713	504.67358	94208.52349495888
96	0.117250666	1.097322	3.7623367	-1.3040872	-0.15949287	0.80653423	2.2770247	-1.8345605	16.846153	100.444664	730.0	0.0	4.075	13.002667	62.0	0.0	1000.0	1000.0	0.1923077	0.125	122818.0	0.025323298969072164	4800004.0	-0.8809619	0.8210928	0.45261097	-44.577282	-0.8809634	0.8208806	0.44300795	-39.34111	1.9368001	1.9646674	59.788116	-27.648422	1.1911753	6.4725556	451.61377	1e-08	1.9779555	4.435917	125.29748	-11.800663	1.5200686	0.00236916	0.0024075068	0.05344795	0.19688736	2.513732e-05	-6.93782	0.0009971913	1.7010271e-15	-18.420683	1.756674e-13	-1.9779556	42.063503	500.41132	94709.16165590286
97	-0.039592158	0.9679029	3.6118035	-2.013864	0.08282238	0.962408	4.7909136	-1.0507901	23.875	92.42286	617.0	0.0	50.9	150.1329	662.0	0.0	1000.0	1000.0	0.1875	0.125	123964.0	0.025298775510204083	4850004.0	-0.8838747	0.80399173	0.67388487	-31.178118	-0.88387716	0.80399126	0.70144415	-31.548601	1.9360087	2.0024621	63.052345	-35.764416	1.188558	6.5908966	500.07608	1e-08	2.006544	4.4995	123.87416	-14.324327	1.5539172	0.0020069433	0.0020001505	0.052998066	0.19547103	-2.3421408e-06	-6.913176	0.0010373483	1.6947732e-15	-18.420683	1.7465531e-13	-2.006544	39.387184	517.6686	95226.7928199768
98	0.03435655	1.0340539	2.5667002	-1.8117502	0.14272271	1.2849427	3.806054	-1.8738085	39.903847	111.328735	495.0	0.0	83.275	213.69159	939.0	0.0	1000.0	1000.0	0.1923077	0.2	126039.0	0.02546242424242424	4900004.0	-0.8168697	0.7138171	0.7706795	-45.058857	-0.81685907	0.7136592	0.7052326	-41.708374	1.9280436	1.9861958	55.85549	-8.695414	1.1674509	6.158895	570.3581	1e-08	1.9622496	4.2789416	110.85349	-14.825691	1.4993663	0.0017824468	0.0017121955	0.052947607	0.1958551	3.8067552e-05	-7.06033	0.00090265943	1.4127105e-15	-18.420683	1.7348734e-13	-1.96225	41.746155	507.32288	95734.0592212677
99	0.16322108	1.3423796	5.9012084	-2.4829218	0.0070474795	1.0776272	3.3708775	-1.9404979	64.229164	200.50688	962.0	0.0	25.775	67.768166	393.0	0.0	1000.0	1000.0	0.25	0.1	129259.0	0.0258518	4950004.0	-0.719145	0.5882875	0.71130276	-39.94841	-0.7191425	0.58834213	0.7218728	-39.22555	1.9267569	1.9866155	64.07315	-11.230852	1.1787872	6.1655416	607.4815	1e-08	1.9789296	4.446131	116.86793	-11.28031	1.417095	0.0012387094	0.0012049689	0.052910723	0.19571102	2.117568e-05	-6.9436035	0.0010147415	1.3198873e-15	-18.420683	1.7253804e-13	-1.9789294	41.59382	500.4743	96235.53307652473
