Epoch	AverageEpRet	StdEpRet	MaxEpRet	MinEpRet	AverageTestEpRet	StdTestEpRet	MaxTestEpRet	MinTestEpRet	AverageEpCost	StdEpCost	MaxEpCost	MinEpCost	AverageTestEpCost	StdTestEpCost	MaxTestEpCost	MinTestEpCost	EpLen	TestEpLen	EpGoals	TestEpGoals	CumulativeCost	CostRate	TotalEnvInteracts	AverageQR1Vals	StdQR1Vals	MaxQR1Vals	MinQR1Vals	AverageQR2Vals	StdQR2Vals	MaxQR2Vals	MinQR2Vals	AverageQCVals	StdQCVals	MaxQCVals	MinQCVals	AverageLogPi	StdLogPi	MaxLogPi	MinLogPi	LossPi	LossQR1	LossQR2	LossQC	LossAlpha	LogAlpha	Alpha	LossBeta	LogBeta	Beta	PiEntropy	TestTime	EpochTime	TotalTime
1	-3.825283	4.532167	1.8134663	-19.987827	-0.98602617	3.5262058	3.297296	-13.380534	52.979168	63.347088	271.0	0.0	82.025	160.08693	781.0	0.0	1000.0	1000.0	0.041666668	0.075	2756.0	0.02756	50004.0	-1.6943614	2.073663	1.8086395	-14.721765	-1.7411441	2.0262933	1.55692	-14.986268	1.5244157	4.091447	35.758648	-2.6687927	0.65533674	2.5437732	42.642	-12.483897	2.137771	0.089928955	0.07163284	0.043579347	0.2185838	-3.2131846	0.118372776	0.08152492	-8.218916	0.024594609	-0.65533674	51.63596	848.42865	850.9214344024658
2	-1.2149885	2.0267262	2.8346725	-8.29715	-1.0446775	1.8100717	2.4850733	-5.4691353	60.326923	79.521576	312.0	0.0	38.775	97.346924	579.0	0.0	1000.0	1000.0	0.03846154	0.125	5680.0	0.037866666666666667	100004.0	-1.5142231	1.6423185	0.90425956	-9.162581	-1.5142179	1.6422997	0.9126728	-9.014552	2.4600384	3.7048461	35.019093	-7.632928	1.9528184	3.968925	65.03929	-10.801925	2.7249184	0.0015577402	0.0015830391	0.046617907	0.00018882206	-5.6468306	0.0035909861	5.579558e-07	-12.265407	1.0812855e-05	-1.9528183	48.425945	901.60547	1752.7448749542236
3	-0.35694075	1.5302444	4.672721	-2.4634798	0.061365496	0.78800124	2.2104466	-1.204303	82.875	123.75456	532.0	0.0	89.25	179.93732	807.0	0.0	1000.0	1000.0	0.14583333	0.025	9945.0	0.049725	150004.0	-1.2937783	1.1894453	0.37067437	-7.9144306	-1.2937745	1.1894422	0.37582195	-8.223951	2.4765825	3.6977031	40.99742	-9.482981	1.9964706	4.3217726	74.515305	-12.80052	2.850405	0.0006654094	0.0006770334	0.06446259	2.2370272e-05	-5.8090377	0.0030352527	1.7271998e-09	-17.859406	5.2523088e-08	-1.9964706	50.714428	846.0382	2598.608593225479
4	-0.4606971	1.4901025	3.6067548	-3.9589288	-0.6416093	1.4580904	2.401954	-5.596748	55.653847	85.11686	448.0	0.0	27.05	67.07829	282.0	0.0	1000.0	1000.0	0.15384616	0.05	12552.0	0.050208	200004.0	-1.1798531	0.9561657	0.40008873	-7.620956	-1.1798447	0.95615953	0.4205094	-7.69047	2.4779994	3.7518034	51.52457	-10.595315	1.9932686	4.619439	72.09857	-13.076417	2.801613	0.0005530777	0.0005723717	0.08303196	3.1052055e-05	-5.8845983	0.002838658	7.302721e-12	-23.08744	2.4566862e-10	-1.9932687	49.751137	850.7102	3449.502492904663
5	-0.19960445	1.1595193	2.2931802	-2.3611786	-1.4044898	2.2149038	1.2265016	-9.115875	53.208332	83.57107	390.0	0.0	11.7	41.9334	256.0	0.0	1000.0	1000.0	0.125	0.075	15391.0	0.05130333333333333	250004.0	-1.1728859	0.95000106	0.51090986	-6.383052	-1.1728723	0.9499959	0.5008094	-6.3587337	2.467063	3.9686832	45.942116	-10.977649	1.9891897	4.759181	76.75543	-12.389732	2.8024547	0.0006516193	0.0006717624	0.10331787	5.6196717e-05	-5.66852	0.003511425	3.7956048e-13	-25.287846	1.1502864e-11	-1.9891897	50.95267	851.7595	4301.068370103836
6	-0.433931	1.2818501	4.4829116	-2.9168222	-4.4417048	6.0901737	1.7665237	-16.576668	51.53846	119.23176	535.0	0.0	19.075	71.66533	426.0	0.0	1000.0	1000.0	0.17307693	0.1	17786.0	0.05081714285714286	300004.0	-1.1927146	0.938832	0.24371126	-6.7526197	-1.1927091	0.9388322	0.30713266	-6.6612515	2.475403	4.088204	50.23	-17.394453	2.0024033	4.7608175	87.41519	-11.627154	3.2111645	0.0006461873	0.0006514042	0.11942623	-2.2304535e-07	-5.728395	0.0033197284	1.1571001e-13	-26.068762	4.807619e-12	-2.0024033	50.89367	851.0265	5151.97722029686
7	-1.50903	3.005721	3.9828012	-9.68602	-11.300051	10.832099	1.2701567	-28.626228	28.479166	82.95606	533.0	0.0	42.95	88.09226	375.0	0.0	1000.0	1000.0	0.20833333	0.05	19271.0	0.0481775	350004.0	-1.1937618	0.9057752	0.2464695	-6.0852304	-1.1937605	0.90576357	0.22553307	-6.1063113	2.4667559	4.1216846	50.399853	-15.538462	1.9594324	4.7270665	75.75459	-11.0095825	3.0415287	0.00066652667	0.000675593	0.116672404	0.00015823847	-5.7273355	0.0033614105	1.0173776e-13	-26.513815	3.0795906e-12	-1.9594322	49.596687	844.731	5996.862543344498
8	-0.4509943	2.0252037	5.8761654	-6.8060107	0.0040416955	0.9065715	2.324539	-1.889478	33.307693	62.624504	294.0	0.0	41.925	106.286026	535.0	0.0	1000.0	1000.0	0.25	0.1	20885.0	0.04641111111111111	400004.0	-1.1890233	0.8885903	0.7745565	-6.57608	-1.18903	0.8885667	0.8221574	-6.57781	2.460202	4.0188584	50.412777	-13.176977	1.9851164	4.719629	88.14707	-12.285847	2.7232578	0.00075361243	0.0007632616	0.116536155	5.956887e-05	-5.7447114	0.0032510946	8.428085e-14	-26.889627	2.1093724e-12	-1.9851162	46.60239	853.4527	6850.52254319191
9	-0.53194994	1.7491528	5.845003	-4.2681575	-0.5996833	1.6799045	3.4919915	-7.316415	51.125	115.75739	627.0	0.0	55.375	131.25218	626.0	0.0	1000.0	1000.0	0.1875	0.175	23708.0	0.047416	450004.0	-1.227486	0.8589043	1.311869	-7.0286007	-1.2274846	0.85889256	1.1616645	-7.217807	2.4607778	3.8029797	56.992798	-17.31329	1.9830544	4.598128	77.50219	-11.37377	2.498871	0.000779628	0.0007885607	0.10883857	5.209157e-05	-6.0266314	0.0024919754	6.2141197e-14	-27.171274	1.587394e-12	-1.9830544	50.60083	849.9823	7700.342329263687
10	-0.44749627	1.2997376	3.5995567	-3.208263	-0.36613932	1.3454129	2.633201	-2.8507187	36.173077	62.845573	291.0	0.0	40.7	122.59877	669.0	0.0	1000.0	1000.0	0.15384616	0.125	25220.0	0.04585454545454545	500004.0	-1.2569416	0.87504023	1.712734	-7.0095077	-1.2569396	0.87503546	1.8462822	-6.800683	2.466006	3.8418972	61.433826	-14.346147	1.995876	4.801311	94.005356	-11.978574	2.7528238	0.0008433698	0.0008457512	0.1149732	2.4203597e-05	-5.881049	0.0028420547	4.3642316e-14	-27.37816	1.2894661e-12	-1.9958758	50.36976	843.40283	8544.015808582306
11	-0.20053329	1.1921778	3.4505215	-2.5315557	-0.27308112	0.9216136	1.8885083	-2.3897913	31.020834	51.937252	291.0	0.0	40.425	161.01721	917.0	0.0	1000.0	1000.0	0.083333336	0.075	26824.0	0.044706666666666665	550004.0	-1.3226162	0.9375686	1.1182647	-7.273948	-1.3226187	0.9375606	1.2531176	-7.484186	2.4605887	3.8833084	54.9047	-16.731163	1.9916669	4.962486	90.83827	-14.364328	2.6997612	0.00091149734	0.00091834203	0.11894794	3.635048e-05	-5.80931	0.003043544	4.2611544e-14	-27.55749	1.0774761e-12	-1.991667	50.749565	851.35516	9395.026630401611
12	-0.24653746	1.4570293	2.846599	-3.6384223	-0.2674989	0.97746706	1.9541241	-2.3887124	31.442308	76.2918	404.0	0.0	8.15	18.020197	74.0	0.0	1000.0	1000.0	0.25	0.1	28344.0	0.04360615384615384	600004.0	-1.3290471	0.9414866	3.728628	-9.298194	-1.3290522	0.94146836	3.730868	-9.311395	2.4642298	3.8404667	55.809444	-22.850449	2.0025413	4.7608366	69.33433	-12.061253	2.756659	0.00090640393	0.00091727823	0.11663297	8.250533e-06	-5.983946	0.00258112	3.3242533e-14	-27.702208	9.318778e-13	-2.0025408	48.083115	842.7047	10237.81906580925
13	-0.37965003	1.5342267	3.5811064	-3.2397492	0.05423536	1.3954887	4.877657	-2.0423174	15.6875	27.119455	144.0	0.0	64.0	137.18217	694.0	0.0	1000.0	1000.0	0.22916667	0.175	29229.0	0.041755714285714285	650004.0	-1.3388164	0.88275903	3.8356628	-9.357197	-1.3388201	0.88274646	3.715476	-9.531736	2.464668	3.8172948	61.438683	-19.38233	1.9208068	4.830981	83.43859	-13.403561	2.7312484	0.00082868856	0.00083349424	0.12063083	0.00020259758	-6.0707636	0.0024123928	2.8998447e-14	-27.82879	8.2096065e-13	-1.9208068	48.711563	847.5865	11085.266963005066
14	-0.27903503	1.3873687	2.952479	-3.3518126	0.07306072	0.81503576	3.3016474	-1.6238735	25.5	38.87925	153.0	0.0	40.075	111.23969	537.0	0.0	1000.0	1000.0	0.1923077	0.125	30423.0	0.040564	700004.0	-1.3409165	0.8378408	1.8216827	-6.345411	-1.3409144	0.8378474	1.8917034	-6.3310137	2.4628098	3.6931658	53.477776	-19.48062	1.9731544	4.6356683	90.51533	-12.680817	2.5824432	0.00076120405	0.0007550647	0.11617378	6.269476e-05	-6.091415	0.0023490195	2.7279635e-14	-27.93938	7.349743e-13	-1.9731545	47.952427	852.25854	11937.43085694313
15	-0.30701268	1.4225	3.1060874	-3.1202345	0.3597981	1.1958046	4.2524447	-2.0740387	24.145834	45.57274	200.0	0.0	55.625	91.125374	442.0	0.0	1000.0	1000.0	0.16666667	0.175	31607.0	0.03950875	750004.0	-1.3514837	0.81132495	0.23823172	-6.8422866	-1.351477	0.811337	0.16444468	-6.8600583	2.463953	3.5268104	57.724342	-15.390865	2.006685	4.6329165	93.88385	-10.989802	2.4033444	0.0008184406	0.0008114135	0.10981652	-4.7160875e-06	-6.117849	0.0022728324	2.3870068e-14	-28.041985	6.632442e-13	-2.0066853	51.07477	854.0825	12791.727550029755
16	-0.17120464	1.876289	4.416871	-3.137661	-0.6753863	1.7690113	4.4276443	-3.5103524	41.942307	59.911926	203.0	0.0	48.6	78.75938	388.0	0.0	1000.0	1000.0	0.3653846	0.2	33763.0	0.03972117647058823	800004.0	-1.3236988	0.7648519	1.345885	-6.345842	-1.3236959	0.764868	1.275624	-6.3289595	2.4634223	3.3289492	51.264114	-16.91886	1.9411775	4.665745	84.18489	-11.758181	2.1683068	0.0007831334	0.00076986064	0.10572654	0.0001328192	-6.17877	0.002122816	2.2095708e-14	-28.13057	6.069835e-13	-1.9411771	50.729614	854.28937	13646.064604997635
17	-0.35926363	1.9238102	5.436201	-4.8628836	-1.0595005	2.5432825	2.9261634	-9.074516	18.1875	35.20633	163.0	0.0	10.25	24.415928	93.0	0.0	1000.0	1000.0	0.29166666	0.275	34785.0	0.03865	850004.0	-1.2818425	0.7179075	1.2663925	-5.2713337	-1.2818536	0.71790403	1.286638	-5.2775826	2.4603124	3.12762	58.350056	-13.609831	1.9956019	4.677159	101.33977	-12.084888	1.8217167	0.0006480656	0.000639331	0.09541027	1.714345e-05	-6.369606	0.001767634	2.1958203e-14	-28.21952	5.5534565e-13	-1.9956018	50.26576	848.6931	14494.658036708832
18	0.058178857	1.9845508	6.1215796	-4.856789	0.084665954	1.4784368	3.5145328	-3.205558	39.807693	97.43007	612.0	0.0	48.35	114.61557	579.0	0.0	1000.0	1000.0	0.42307693	0.275	36706.0	0.03863789473684211	900004.0	-1.2152764	0.68044406	1.170014	-6.181025	-1.2152772	0.6804477	0.9817581	-6.3386307	2.4636688	3.1787322	62.00084	-14.454787	1.9751067	4.615395	97.79388	-12.937435	1.8860596	0.00062266516	0.00061370607	0.09942552	5.0267536e-05	-6.3716574	0.0017488948	1.8534065e-14	-28.302305	5.1116045e-13	-1.9751066	50.596672	855.9768	15350.465998411179
19	0.13691258	1.794306	6.4000945	-4.185839	0.17358482	1.6830138	4.9982057	-4.009195	30.958334	71.032555	348.0	0.0	33.175	75.1711	358.0	0.0	1000.0	1000.0	0.27083334	0.225	38281.0	0.038281	950004.0	-1.1716789	0.6797001	1.537452	-6.104395	-1.1716818	0.67969716	1.6132482	-6.169287	2.4634085	3.1600964	66.55303	-16.612057	1.9650893	4.705876	98.86194	-10.994689	1.8369638	0.00063759915	0.0006357837	0.10440035	7.939641e-05	-6.250869	0.0019848004	1.7374221e-14	-28.372986	4.7627744e-13	-1.9650893	49.182	840.5329	16191.468885660172
20	-0.11158567	1.3352042	3.8570452	-2.5239248	0.051748313	1.7915006	5.2772903	-3.3091154	52.615383	90.205986	401.0	0.0	6.175	21.58343	127.0	0.0	1000.0	1000.0	0.21153846	0.325	40928.0	0.03897904761904762	1000004.0	-1.1956089	0.72938955	4.113085	-7.6107864	-1.1956071	0.7294016	3.6726136	-7.058243	2.460771	3.2319465	56.44403	-12.695401	1.9539219	4.7638516	127.06877	-14.533138	1.8928269	0.00078852416	0.00077863235	0.10667038	0.00010634724	-6.1914177	0.002119093	1.7379415e-14	-28.441858	4.4458965e-13	-1.9539219	50.210518	844.3166	17036.245894908905
21	-0.3813611	1.1591716	3.5349064	-2.427156	-0.27849156	0.86129916	2.1396184	-1.7456803	40.791668	84.23503	432.0	0.0	63.475	139.74602	605.0	0.0	1000.0	1000.0	0.14583333	0.05	42999.0	0.03909	1050004.0	-1.2196501	0.71937084	8.4012	-7.601731	-1.2196506	0.7193782	8.348742	-7.5039644	2.4739673	3.2555156	49.80771	-12.439134	2.0123832	4.548881	88.573006	-11.717817	2.22952	0.0008334551	0.0008269478	0.102807686	-1.1564402e-05	-6.3617826	0.0017636496	1.0885977e-14	-28.500132	4.1935558e-13	-2.0123835	50.242912	851.65186	17887.21785902977
22	-0.23300211	1.0882928	2.3481696	-2.470224	-0.009113056	1.0592899	2.7656221	-1.7941306	36.46154	95.66095	618.0	0.0	26.85	61.374077	255.0	0.0	1000.0	1000.0	0.15384616	0.125	44782.0	0.03894086956521739	1100004.0	-1.2464429	0.7203475	11.191732	-7.835778	-1.2464403	0.7203544	11.096763	-7.8324537	2.4804707	3.175245	68.655334	-14.849651	1.9870584	4.614396	120.04798	-12.301257	2.3320427	0.0009318742	0.0009356638	0.1041502	2.8262606e-05	-6.321254	0.0018521405	7.855405e-15	-28.535795	4.0464715e-13	-1.9870586	51.603874	846.2108	18733.443688869476
23	0.22894096	1.4437627	6.028483	-1.5150557	0.3642307	1.551576	7.2026944	-2.0566201	30.1875	101.44531	655.0	0.0	19.45	58.74051	308.0	0.0	1000.0	1000.0	0.27083334	0.325	46258.0	0.03854833333333333	1150004.0	-1.2367173	0.76663405	9.445008	-6.7602363	-1.2367162	0.7666238	9.177299	-6.852065	2.470163	3.077695	58.631462	-14.842021	1.9568568	4.410845	117.19564	-14.351888	1.9826512	0.00082325545	0.0008307442	0.10418526	8.598776e-05	-6.36109	0.0017846316	1.1565506e-14	-28.5768	3.884085e-13	-1.9568571	48.170685	852.57935	19586.342972517014
24	-0.059075996	1.6947364	3.5319002	-6.7007966	0.4415106	1.5785004	8.312561	-1.7271613	28.26923	62.969196	378.0	0.0	49.7	151.96713	825.0	0.0	1000.0	1000.0	0.3653846	0.275	47701.0	0.0381608	1200004.0	-1.1781625	0.75023	0.7871754	-7.558958	-1.1781569	0.75023526	0.6681207	-7.51645	2.4697797	3.0272346	50.633446	-14.028553	1.9686704	4.4773097	111.28929	-13.522368	1.8561643	0.0007469086	0.0007469207	0.102373734	5.3947086e-05	-6.4771614	0.0015914277	1.1193686e-14	-28.620874	3.716609e-13	-1.9686704	46.415497	850.61896	20436.430120944977
25	-0.22522819	2.0410726	4.9849877	-7.3245893	-0.032984216	1.1298014	3.1634488	-1.7789601	16.666666	50.64885	336.0	0.0	4.325	10.3450165	40.0	0.0	1000.0	1000.0	0.35416666	0.275	48513.0	0.03731769230769231	1250004.0	-1.1398339	0.73974395	0.9070156	-8.472845	-1.1398336	0.73975426	0.9973988	-8.5074835	2.480926	2.7891846	52.413124	-26.431452	1.9736749	4.3614507	110.72074	-13.937009	1.8804544	0.0008370872	0.00083274266	0.09459811	5.1197738e-05	-6.50608	0.0015694684	6.8012028e-15	-28.6574	3.5831415e-13	-1.973675	49.290676	851.9546	21288.62760782242
26	0.060021922	1.5268494	6.981935	-1.8137435	-0.18730643	1.2036918	3.3241513	-1.7117947	32.98077	83.133224	461.0	0.0	10.8	35.84215	197.0	0.0	1000.0	1000.0	0.30769232	0.15	50216.0	0.037197037037037035	1300004.0	-1.102365	0.73272103	0.8495966	-8.593591	-1.1023636	0.7327173	0.8289152	-8.847424	2.479559	2.694805	58.679977	-18.336618	1.9896902	4.222035	117.032036	-11.459048	1.736948	0.0007926194	0.0007983886	0.091326356	1.9777272e-05	-6.5357623	0.0014833923	7.0914013e-15	-28.6834	3.4912023e-13	-1.9896902	49.956497	838.4679	22126.83499622345
27	0.39018977	1.3850869	4.355929	-1.766331	0.06717141	1.3899312	4.9484935	-2.1183002	24.708334	56.729973	234.0	0.0	27.125	95.15544	601.0	0.0	1000.0	1000.0	0.39583334	0.2	51622.0	0.036872857142857145	1350004.0	-1.0659235	0.6937829	0.37508166	-6.333359	-1.0659242	0.693777	0.3810048	-6.2878466	2.478335	2.7548585	61.165077	-11.4855795	1.9774139	4.1939106	74.758675	-16.848145	1.7213457	0.0007069965	0.00071156595	0.09347273	3.9911436e-05	-6.491695	0.0015594661	7.305691e-15	-28.712975	3.3894415e-13	-1.977414	50.01282	838.18164	22965.058225393295
28	0.064533524	1.5007356	4.2721148	-2.244457	0.5831057	1.37087	3.374373	-1.9593712	36.98077	88.85413	489.0	0.0	5.8	23.804623	148.0	0.0	1000.0	1000.0	0.23076923	0.35	53325.0	0.03677586206896552	1400004.0	-1.0489004	0.6881076	0.88865644	-7.2792645	-1.0489032	0.68809646	1.0357232	-7.0478296	2.477133	2.6891203	68.27518	-15.120825	1.9821125	4.320857	87.63109	-11.777065	1.6193602	0.00068230135	0.0006917567	0.09163244	3.37308e-05	-6.475573	0.0015750217	7.488781e-15	-28.741816	3.2930876e-13	-1.9821128	48.22502	848.37305	23813.301521539688
29	-0.30100644	1.1477215	3.9515073	-2.194967	0.17406385	1.057666	3.531612	-2.2470224	59.854168	130.095	704.0	0.0	58.2	188.83792	860.0	0.0	1000.0	1000.0	0.125	0.125	56295.0	0.03753	1450004.0	-1.0352353	0.69665766	1.2459741	-8.733217	-1.0352373	0.6966556	1.6646407	-9.393578	2.4718275	2.7425506	56.22776	-12.463437	1.9586912	4.4313617	106.343605	-11.556847	1.51098	0.0008175167	0.000818287	0.09477584	6.187136e-05	-6.629769	0.001372356	8.935912e-15	-28.774698	3.1866125e-13	-1.9586916	51.11463	844.872	24658.56228351593
30	0.25780094	1.3533201	4.1778626	-2.2535384	0.35000676	1.1757227	3.237387	-1.4230444	52.192307	118.23786	525.0	0.0	31.275	72.132164	339.0	0.0	1000.0	1000.0	0.28846154	0.325	58912.0	0.03800774193548387	1500004.0	-1.0685726	0.74626654	0.8927389	-11.744475	-1.0685728	0.7462638	0.8481585	-12.0914545	2.4704056	2.7536368	63.550762	-13.240208	1.9880807	4.5230446	109.5391	-12.287238	1.5255718	0.0009663319	0.00097002747	0.09590145	1.6528493e-05	-6.7218504	0.0012601088	9.056156e-15	-28.812035	3.0698523e-13	-1.9880806	46.847626	846.13074	25504.29715871811
31	0.35813487	1.3716319	5.0603914	-2.9298623	0.17410438	1.1881043	3.7878237	-1.5362715	32.4375	68.48476	292.0	0.0	31.2	106.6415	546.0	0.0	1000.0	1000.0	0.25	0.25	60492.0	0.0378075	1550004.0	-1.1134257	0.7660354	1.5875643	-12.600337	-1.1134282	0.7660348	1.5630052	-12.225456	2.4725945	2.7051637	66.43128	-13.452065	1.9735945	4.4181786	84.038086	-12.690495	1.5857687	0.0011961572	0.0011977315	0.09515387	3.7721562e-05	-6.6926994	0.0012801819	8.100603e-15	-28.84724	2.963619e-13	-1.9735944	50.356	859.24817	26363.700378656387
32	0.3747562	1.6418955	5.309571	-1.9074286	0.04622371	1.2822607	6.421765	-1.9629059	32.115383	75.28348	338.0	0.0	45.1	134.50127	775.0	0.0	1000.0	1000.0	0.30769232	0.2	62139.0	0.03766	1600004.0	-1.167728	0.79716337	1.4109358	-12.613897	-1.167728	0.7971516	1.2718855	-11.752832	2.4774292	2.6095397	54.946213	-14.815298	1.9578041	4.4555616	80.3448	-15.102749	1.6800153	0.001220375	0.0012253914	0.09147639	5.0709816e-05	-6.68186	0.0013141329	6.4752243e-15	-28.875187	2.8818815e-13	-1.9578042	50.260117	839.3978	27202.94629430771
33	-0.13205463	1.2052763	3.3998783	-2.0747516	0.1360819	1.2974943	4.8817263	-1.5370764	24.375	62.09389	326.0	0.0	6.35	29.37903	185.0	0.0	1000.0	1000.0	0.16666667	0.225	63351.0	0.037265294117647056	1650004.0	-1.1864381	0.80611956	1.3462682	-9.530747	-1.1864363	0.80610317	1.3944159	-9.1823	2.4773679	2.5433512	60.11474	-25.710659	2.0145316	4.323789	122.07541	-12.112669	1.6493341	0.00113546	0.0011500561	0.09059508	-1.0697713e-05	-6.6935024	0.0012909839	6.328693e-15	-28.900417	2.810087e-13	-2.0145316	51.10769	862.64825	28065.739268779755
34	0.0774109	1.1203663	3.902291	-1.8974353	0.02814858	1.2795014	2.8302898	-2.1825507	27.5	69.77092	364.0	0.0	13.075	62.42771	395.0	0.0	1000.0	1000.0	0.1923077	0.225	64739.0	0.03699371428571428	1700004.0	-1.1719242	0.81626004	3.309519	-15.398384	-1.1719211	0.81624615	3.2628865	-15.616486	2.4809668	2.4894395	55.88992	-21.353958	1.9768441	4.320143	106.01886	-12.5890255	1.678772	0.0011789639	0.0011873451	0.0861459	3.127698e-05	-6.75939	0.0011878455	5.1963256e-15	-28.924282	2.7437902e-13	-1.9768442	52.261467	883.2504	28948.85825920105
35	0.115322	1.2758033	4.1088777	-1.9558434	0.038072933	1.2457784	5.968511	-1.8844156	17.708334	54.932137	346.0	0.0	14.4	68.446625	438.0	0.0	1000.0	1000.0	0.25	0.125	65645.0	0.03646944444444444	1750004.0	-1.1280442	0.78774744	3.3312485	-8.542046	-1.1280427	0.7877354	3.4265358	-9.122867	2.480956	2.4044046	56.33299	-18.065718	1.9838814	4.265895	101.71585	-11.933555	1.5743232	0.001055571	0.0010730216	0.080972746	2.023048e-05	-6.8035173	0.001132633	5.093581e-15	-28.944645	2.6884875e-13	-1.9838814	51.59792	995.9658	29944.83893942833
36	-0.010034809	0.9857781	3.0832467	-1.8011533	-0.037597306	0.64710236	1.9298156	-1.9296727	13.75	35.002678	181.0	0.0	43.225	133.49767	636.0	0.0	1000.0	1000.0	0.13461539	0.025	66304.0	0.03584	1800004.0	-1.0843072	0.7390373	1.3011096	-8.253173	-1.0843081	0.7390476	1.1501551	-8.115251	2.4849188	2.420997	60.222027	-20.927982	2.00748	4.23561	88.84492	-13.523686	1.6350719	0.0009471248	0.0009462735	0.08303047	-5.407152e-06	-6.8099036	0.0011265007	3.955587e-15	-28.961908	2.6424522e-13	-2.00748	51.520885	981.5206	30926.422016382217
37	0.15053588	1.1297013	4.250026	-1.1918699	0.11286225	0.89173144	2.5243683	-2.4065537	19.270834	45.960464	225.0	0.0	9.95	33.425255	207.0	0.0	1000.0	1000.0	0.20833333	0.1	67229.0	0.03538368421052632	1850004.0	-1.0405533	0.7133564	1.0216119	-9.272033	-1.0405525	0.713365	1.2807416	-8.63661	2.4800375	2.450787	62.331352	-18.370544	1.9807628	4.1310005	95.87437	-12.143019	1.4869959	0.00084468164	0.00084194733	0.08489215	2.7097178e-05	-6.7566257	0.0011985895	5.1507044e-15	-28.97969	2.5959042e-13	-1.9807628	49.469772	980.3453	31907.211699962616
38	0.26794577	1.173361	2.955741	-1.9337884	0.080881074	1.1683218	4.2905483	-2.0131943	43.346153	125.89081	795.0	0.0	6.075	21.15229	113.0	0.0	1000.0	1000.0	0.30769232	0.15	69483.0	0.03563230769230769	1900004.0	-0.97248733	0.68205434	2.254362	-9.332153	-0.9724905	0.6820589	2.226131	-8.981136	2.4813602	2.4723318	56.63889	-18.894674	1.9847746	4.111752	109.99318	-12.169456	1.4726913	0.00080930436	0.0008111343	0.08737539	1.859418e-05	-6.8964977	0.0010481831	4.7132865e-15	-29.000032	2.5436177e-13	-1.9847744	50.46287	996.4051	32903.271075963974
39	0.0053231693	1.2119334	4.1300063	-1.9674447	0.055334233	1.0842348	3.1376972	-1.8293432	35.666668	98.55674	572.0	0.0	26.25	76.49436	413.0	0.0	1000.0	1000.0	0.1875	0.15	71343.0	0.0356715	1950004.0	-0.92986906	0.6629688	2.7978153	-8.896818	-0.92987186	0.6629712	2.8659816	-9.7864065	2.4818146	2.4713986	59.56604	-16.578009	1.9664927	4.187345	91.684685	-12.451915	1.4457542	0.00082669756	0.00082390016	0.08584416	3.8405542e-05	-6.8481455	0.0010801328	4.5140995e-15	-29.018465	2.4971637e-13	-1.9664927	49.26873	982.30096	33886.086216688156
40	0.036352355	0.9195719	3.057023	-1.1131206	-0.21738954	1.2771786	3.5143168	-2.2694457	15.269231	39.29529	207.0	0.0	6.05	14.48784	77.0	0.0	1000.0	1000.0	0.15384616	0.15	71989.0	0.03511658536585366	2000004.0	-0.9120495	0.66126883	1.2797785	-10.687191	-0.91205126	0.6612662	1.3514693	-10.454791	2.4854171	2.4534523	64.45278	-19.67565	1.9939907	4.1695223	108.73063	-12.2429	1.4848475	0.00089558	0.0009049184	0.08726172	1.1174076e-05	-6.863078	0.0010795308	3.5567354e-15	-29.034403	2.457669e-13	-1.9939907	49.40451	981.38153	34867.12409520149
41	0.26338723	1.3704327	3.8400068	-2.484265	0.0025536984	0.7163205	2.0595384	-1.1121174	44.208332	121.26399	634.0	0.0	21.125	72.13882	398.0	0.0	1000.0	1000.0	0.25	0.15	74111.0	0.03529095238095238	2050004.0	-0.90773565	0.6984591	1.0706215	-9.333834	-0.90773463	0.6984397	1.0801152	-9.52011	2.4858866	2.4018009	64.97366	-19.905327	1.9926181	4.3082967	104.89879	-12.674654	1.4700695	0.0009533484	0.00096744596	0.08821023	1.0191768e-05	-6.8848977	0.0010518066	3.3939077e-15	-29.04851	2.4232344e-13	-1.9926183	46.75184	981.3281	35848.31459212303
42	0.45887035	1.4510701	4.675614	-2.2346783	0.20080769	1.5736464	6.875406	-1.8804575	20.192308	62.0059	391.0	0.0	11.525	30.58757	160.0	0.0	1000.0	1000.0	0.3653846	0.275	75161.0	0.03495860465116279	2100004.0	-0.91428936	0.70357066	1.2513812	-10.54899	-0.91428757	0.7035547	1.9168141	-11.204889	2.483665	2.503859	78.11861	-16.985828	1.9696834	4.076709	80.87314	-12.924897	1.4989088	0.0010275986	0.0010403427	0.092328206	3.3899607e-05	-6.9331927	0.0009965369	3.8755505e-15	-29.06318	2.3879523e-13	-1.9696838	50.81559	989.48004	36837.60771608353
43	0.72007036	1.7008556	7.406696	-1.8324516	0.53285414	1.1614926	3.871337	-1.0473847	46.0625	125.108345	650.0	0.0	49.05	155.04741	740.0	0.0	1000.0	1000.0	0.375	0.225	77506.0	0.03523	2150004.0	-0.9680083	0.7321301	2.7932005	-8.886411	-0.96800876	0.73210704	3.1145265	-10.019332	2.4814506	2.5651784	81.94894	-24.225622	1.9880431	4.4066677	140.54086	-11.98229	1.5520678	0.0011616076	0.0011766669	0.0985334	1.5229646e-05	-6.908979	0.0010332972	4.3325778e-15	-29.079533	2.3492254e-13	-1.9880428	51.071457	980.6754	37818.51065039635
44	-0.099804565	1.6305848	6.109163	-2.9011667	0.14605625	0.7322578	1.9790092	-1.1322242	34.73077	68.04809	302.0	0.0	29.575	76.31346	417.0	0.0	1000.0	1000.0	0.30769232	0.125	79178.0	0.03519022222222222	2200004.0	-1.0241821	0.74601626	0.9315895	-9.732414	-1.0241842	0.7460154	0.73398846	-9.380828	2.481399	2.552817	51.98553	-28.732416	1.9960722	4.212537	104.49347	-12.842285	1.6001831	0.0012390956	0.0012526568	0.09817075	5.3277777e-06	-6.906695	0.001026633	4.2706355e-15	-29.096785	2.309044e-13	-1.9960722	52.116425	983.71027	38802.42124962807
45	0.10036584	1.2129116	4.154254	-2.1558921	0.54394084	1.1958091	4.9216757	-1.3453666	28.1875	97.15422	622.0	0.0	24.425	83.97854	499.0	0.0	1000.0	1000.0	0.25	0.225	80584.0	0.03503652173913043	2250004.0	-1.0392793	0.7684237	2.9008026	-10.075682	-1.0392816	0.7684264	3.2320225	-9.985444	2.48208	2.5918245	64.075966	-46.904854	1.9328187	4.3505087	95.87725	-12.611698	1.6659992	0.0012664752	0.0012680871	0.098721	7.397634e-05	-6.94661	0.0009998013	4.0457106e-15	-29.113518	2.2707284e-13	-1.9328187	47.741505	987.3716	39789.724618673325
46	0.16952726	1.320866	5.6151233	-1.703589	-0.019557673	0.68662494	1.4362493	-1.2966574	34.134617	89.759514	483.0	0.0	29.3	96.43267	443.0	0.0	1000.0	1000.0	0.25	0.075	82306.0	0.03502382978723404	2300004.0	-1.0338098	0.8121253	3.8991103	-12.723907	-1.03381	0.8121324	4.126571	-13.764051	2.4837074	2.5949864	55.44957	-19.879898	1.9969326	4.117309	97.53888	-13.687777	1.6935722	0.0014342085	0.001441663	0.098176815	1.111879e-05	-6.891029	0.0010587249	3.620362e-15	-29.128565	2.2368065e-13	-1.9969329	50.869553	985.2686	40774.760734558105
47	0.012564674	1.0651779	3.9338555	-1.6691476	0.25717846	0.922319	2.896357	-2.09162	32.083332	104.678444	637.0	0.0	42.95	153.09782	889.0	0.0	1000.0	1000.0	0.14583333	0.125	83846.0	0.03493583333333333	2350004.0	-1.0226761	0.878719	9.079982	-13.848411	-1.022675	0.8787179	8.67952	-13.766467	2.488197	2.5060968	58.441814	-26.127096	1.9974494	4.228741	86.72132	-12.569747	1.7312928	0.001739412	0.0017502374	0.09542555	4.7747044e-06	-6.945455	0.0009973844	2.583825e-15	-29.14138	2.2083203e-13	-1.9974494	51.1257	979.53235	41754.247176885605
48	0.21748017	1.5266477	7.3117905	-1.9920448	-0.35179603	0.85429174	2.249668	-2.9723418	13.019231	41.714916	213.0	0.0	0.0	0.0	0.0	0.0	1000.0	1000.0	0.26923078	0.1	84523.0	0.03449918367346939	2400004.0	-1.0220394	0.9237799	8.116836	-17.392971	-1.0220392	0.9238003	8.226775	-19.584833	2.4867275	2.555309	86.53037	-18.593708	1.9657036	4.1433787	88.3829	-12.829765	1.7209182	0.0018878119	0.0018880852	0.09745497	3.5246107e-05	-6.920119	0.0010081476	2.876912e-15	-29.151655	2.1857434e-13	-1.9657037	50.064125	979.78613	42734.33468127251
49	-0.08842963	1.2254226	5.144032	-1.8498163	0.24646726	1.152728	2.6060767	-2.4730082	22.291666	103.843216	709.0	0.0	40.8	135.9217	731.0	0.0	1000.0	1000.0	0.104166664	0.25	85638.0	0.0342552	2450004.0	-1.0489342	0.9823602	4.855103	-21.859758	-1.0489343	0.9823741	5.687956	-22.093033	2.4828734	2.5671082	85.94248	-29.680424	1.9800142	4.411254	115.35683	-11.51146	1.6723249	0.0022970012	0.0022875993	0.09829457	2.5489395e-05	-6.848235	0.0011006021	3.6705093e-15	-29.164972	2.156839e-13	-1.9800142	51.89499	981.49927	43716.42823386192
50	-0.06738066	1.016221	3.8339596	-1.7685512	-0.19509104	0.5002472	1.1892548	-1.0767661	35.115383	82.30914	419.0	0.0	7.1	37.753677	241.0	0.0	1000.0	1000.0	0.1923077	0.025	87419.0	0.034281960784313725	2500004.0	-1.110461	1.034745	10.243255	-17.979223	-1.1104633	1.0347545	9.743488	-17.804657	2.4821587	2.5067248	72.96636	-31.394865	2.0167496	4.2878847	87.16469	-12.233135	1.6481538	0.0023609388	0.0023759848	0.09722692	-1.6097232e-05	-7.0970182	0.0008605011	3.767992e-15	-29.180176	2.1242951e-13	-2.0167496	50.48101	980.6417	44697.21190071106
51	-0.06317515	1.1938041	5.355668	-1.3564438	-0.026882222	0.6619959	2.308041	-1.1369228	14.833333	44.377796	194.0	0.0	5.425	28.296541	178.0	0.0	1000.0	1000.0	0.14583333	0.05	88190.0	0.03391923076923077	2550004.0	-1.1309997	1.040752	14.191423	-17.214764	-1.1309971	1.040787	16.062443	-18.411442	2.4815896	2.5149155	66.201256	-19.764578	1.964982	4.1925097	82.16522	-12.919159	1.6865178	0.0022486323	0.0022565115	0.09938161	3.725502e-05	-7.072441	0.0008671122	3.830434e-15	-29.195045	2.0929435e-13	-1.9649822	49.416786	981.8706	45678.96731519699
52	-0.49608818	0.8571842	2.4146185	-2.0222073	0.29902583	0.9993647	3.369215	-1.4153539	35.21154	121.57657	718.0	0.0	35.475	145.99709	850.0	0.0	1000.0	1000.0	0.057692308	0.225	89962.0	0.033947924528301886	2600004.0	-1.0721728	0.9845562	5.8248415	-26.080654	-1.0721709	0.9845314	6.5055313	-27.758202	2.4815135	2.498511	56.305817	-14.291264	1.9854679	4.2730412	87.61731	-12.77434	1.6156777	0.0019679382	0.0019775794	0.0997138	1.856375e-05	-6.9931636	0.00095630065	3.7882e-15	-29.210173	2.0615191e-13	-1.9854679	51.705917	988.60876	46667.1286816597
53	-0.06531409	1.1410086	3.9993358	-2.6871705	-0.27383775	0.7916521	2.638929	-1.6250973	19.416666	51.350037	241.0	0.0	27.55	142.50911	915.0	0.0	1000.0	1000.0	0.22916667	0.1	90940.0	0.03368148148148148	2650004.0	-0.9938725	0.926124	4.225068	-26.437557	-0.9938739	0.9261323	3.6895416	-25.130068	2.4839194	2.4398923	61.492966	-14.082604	1.9796425	3.9749584	109.356476	-11.298009	1.5376515	0.0018205362	0.0018313725	0.09778495	1.9921594e-05	-7.07099	0.00087317935	3.246534e-15	-29.224754	2.0316688e-13	-1.9796429	50.810234	986.72876	47653.47094917297
54	-0.03193887	1.0258985	2.7900598	-2.7927463	0.23970203	0.95286226	3.1676605	-2.005614	23.788462	86.3021	587.0	0.0	44.85	146.88542	737.0	0.0	1000.0	1000.0	0.15384616	0.2	92131.0	0.03350218181818182	2700004.0	-0.93643636	0.88992846	4.798227	-19.54234	-0.9364345	0.8899	4.0445757	-19.441216	2.4851165	2.4627347	53.68446	-18.211035	1.9882722	4.3302917	93.51264	-14.783165	1.5216534	0.0018285974	0.0018743854	0.09993774	1.1114002e-05	-6.970505	0.00096596224	2.9660692e-15	-29.236635	2.0076673e-13	-1.9882723	50.76475	984.3317	48638.28100562096
55	-0.33470902	1.1441885	2.1621387	-5.7547355	-0.25258347	0.59699583	1.010338	-1.8024642	25.520834	76.92826	368.0	0.0	61.0	180.70224	790.0	0.0	1000.0	1000.0	0.083333336	0.0	93774.0	0.03349071428571428	2750004.0	-0.91724765	0.93163365	5.796359	-16.442923	-0.9172459	0.93161076	6.4123335	-16.922617	2.4828844	2.387062	49.152554	-41.066135	1.9863087	4.1016316	116.36369	-12.363463	1.387895	0.001983141	0.0020114894	0.09754035	1.6079559e-05	-7.0485177	0.0008872084	3.3709747e-15	-29.250034	1.9809527e-13	-1.9863086	51.051224	989.7684	49627.67666769028
56	-0.2203956	1.018677	2.6742988	-2.8525987	-0.053762853	0.5371515	1.2812446	-1.4207253	29.26923	128.74693	871.0	0.0	4.0	11.863811	52.0	0.0	1000.0	1000.0	0.15384616	0.025	94878.0	0.03329052631578947	2800004.0	-0.9083787	0.98329806	2.3534474	-18.102081	-0.9083817	0.98331696	2.4794874	-17.551153	2.4823797	2.3798878	59.36939	-41.05774	2.005122	4.1213536	91.33385	-14.4394655	1.3664306	0.0022931113	0.0022739386	0.096483044	-5.09243e-06	-6.9496737	0.000996358	3.4240803e-15	-29.26313	1.9551797e-13	-2.005122	47.26175	976.85596	50604.266676425934
57	0.08353931	1.140088	4.741758	-2.0717905	0.00010430813	0.78095466	2.6502693	-1.2638688	17.645834	39.347538	178.0	0.0	46.775	120.54366	518.0	0.0	1000.0	1000.0	0.1875	0.125	95782.0	0.03302827586206897	2850004.0	-0.90268296	0.9877943	2.0927796	-18.948723	-0.90268403	0.98778015	2.3292887	-17.412115	2.4809806	2.3785844	62.7576	-32.199448	1.9624219	4.0913916	112.6114	-12.5850935	1.333029	0.002168545	0.0021842758	0.09801975	4.344008e-05	-7.0489955	0.0008850216	3.6457602e-15	-29.27716	1.9279462e-13	-1.9624219	45.65119	979.1846	51583.983321905136
58	-0.20523356	0.94115573	2.6667068	-2.3306465	-0.284959	0.6239318	1.6633196	-1.5193008	46.28846	136.55984	780.0	0.0	3.025	18.891117	121.0	0.0	1000.0	1000.0	0.09615385	0.05	98132.0	0.03326508474576271	2900004.0	-0.8724655	0.9395461	3.4851112	-26.047775	-0.872463	0.93952787	3.2355967	-26.112581	2.4829	2.32765	58.068306	-40.474983	1.9808439	4.2374234	96.794106	-13.016134	1.3081822	0.0019889253	0.002014439	0.095709726	2.0672513e-05	-6.974384	0.0009688464	3.2310267e-15	-29.291187	1.9010873e-13	-1.9808444	48.87915	984.9219	52568.39623999596
59	-0.19467634	0.7962244	2.3074746	-1.9984276	-0.2009279	0.88039875	4.155731	-1.5423493	47.916668	158.83151	817.0	0.0	25.4	139.42952	893.0	0.0	1000.0	1000.0	0.041666668	0.075	100432.0	0.03347733333333333	2950004.0	-0.8629356	0.89767164	1.0556215	-21.67437	-0.86293924	0.8976903	1.0669881	-20.450905	2.477038	2.290511	69.66567	-33.84454	1.9542397	4.3385406	103.09177	-10.839774	1.1309916	0.0018625351	0.0018455432	0.09661409	3.537192e-05	-7.122019	0.0008339336	4.2807046e-15	-29.305958	1.8732222e-13	-1.9542394	51.055428	982.7354	53551.30893731117
60	-0.16576368	1.1814423	2.5989606	-4.3010883	-0.10485961	1.1703668	3.3386984	-2.0609393	13.576923	38.061867	194.0	0.0	24.775	87.85798	422.0	0.0	1000.0	1000.0	0.13461539	0.225	101138.0	0.03316	3000004.0	-0.8793073	0.8353372	3.2790866	-42.123875	-0.87930804	0.8353517	3.332077	-41.765682	2.4773993	2.2591588	65.71826	-27.558558	2.0241268	4.4525027	116.04093	-11.045783	1.1303843	0.0019747866	0.0019607276	0.096219696	-2.0620706e-05	-7.264493	0.0007409305	4.1428115e-15	-29.322624	1.8422621e-13	-2.0241265	45.77929	980.6807	54532.572851896286
61	-0.19333923	1.021527	4.023472	-2.6040883	-0.027143192	1.5513729	4.7643414	-4.0685267	23.791666	66.84776	333.0	0.0	26.0	92.56619	562.0	0.0	1000.0	1000.0	0.104166664	0.15	102280.0	0.032993548387096776	3050004.0	-0.90478766	0.8560772	3.3094757	-41.92287	-0.90478796	0.8560484	3.214046	-41.21672	2.4773026	2.2447774	52.76188	-30.217415	1.9290097	4.002155	108.13115	-13.0877905	1.1507468	0.002182619	0.002237528	0.09332684	6.6607805e-05	-7.0383015	0.00090530363	4.09266e-15	-29.339603	1.8112467e-13	-1.9290098	51.050323	986.567	55518.531185626984
62	0.106446944	1.222437	3.8637178	-2.9800422	-0.079515904	0.6973674	1.4191502	-1.4237189	28.403847	81.9928	450.0	0.0	85.45	222.13148	886.0	0.0	1000.0	1000.0	0.1923077	0.075	103757.0	0.03293873015873016	3100004.0	-0.88850987	0.92813003	1.2789545	-65.48602	-0.8885111	0.9281896	1.0915905	-69.61726	2.4819977	2.2179804	72.83848	-43.832363	2.0203304	3.9872103	106.72252	-11.827981	1.2281004	0.0025675457	0.0027675282	0.092920065	-1.2150957e-05	-6.931555	0.0009906491	3.1951495e-15	-29.35361	1.7860443e-13	-2.0203304	51.0213	986.8159	56505.1919426918
63	0.24728923	1.1030674	3.2390866	-1.3888638	-0.06022773	1.0365139	3.2464252	-2.1845982	16.229166	66.80234	454.0	0.0	29.0	148.3292	929.0	0.0	1000.0	1000.0	0.1875	0.125	104536.0	0.0326675	3150004.0	-0.89072466	1.0047592	0.67799664	-79.30016	-0.89071953	1.0048099	0.76095414	-75.88643	2.4768584	2.1966968	50.65867	-28.161037	1.9796963	3.9177125	122.05972	-14.45271	1.092366	0.0031817984	0.0032251917	0.090868875	1.7918763e-05	-7.072059	0.000879888	4.0536833e-15	-29.36782	1.7608499e-13	-1.9796963	51.25351	981.15027	57486.62523961067
64	-0.074386224	0.8952116	3.0376225	-2.723327	-0.42827925	1.0105793	4.236877	-2.2609363	32.384617	110.3024	678.0	0.0	18.125	100.05103	642.0	0.0	1000.0	1000.0	0.115384616	0.05	106220.0	0.032683076923076926	3200004.0	-0.96809065	1.0984536	2.0133202	-134.07837	-0.96808416	1.098105	1.9532988	-128.08817	2.4771113	2.1892672	46.76662	-29.8802	2.008405	3.8656306	110.71	-12.623306	1.1699545	0.0046543465	0.0048070825	0.09017863	-1.11686e-06	-6.885194	0.0010538788	3.945419e-15	-29.384295	1.7320737e-13	-2.008405	50.007427	981.0001	58468.07166695595
65	-0.054193478	0.7258416	2.2202094	-1.8314925	-0.08537096	1.0574499	3.997646	-1.4367464	34.166668	103.28286	579.0	0.0	40.375	154.8957	753.0	0.0	1000.0	1000.0	0.125	0.075	108350.0	0.03283333333333333	3250004.0	-1.0023733	1.1885384	4.300229	-166.50792	-1.002386	1.1876757	4.1698623	-168.21634	2.4813569	2.1858962	44.41856	-26.734741	1.9851247	3.8006117	123.06943	-12.166639	1.296679	0.006353698	0.0071794195	0.088659875	1.6783528e-05	-6.9441524	0.0009885138	3.165e-15	-29.398762	1.7071904e-13	-1.985125	51.240646	989.13226	59456.72213602066
66	0.012986147	0.95617694	3.5831966	-1.8858248	-0.6555089	0.8336324	1.6268679	-2.438224	47.26923	112.74649	602.0	0.0	4.525	18.222221	90.0	0.0	1000.0	1000.0	0.115384616	0.025	110318.0	0.03293074626865672	3300004.0	-0.9960942	1.1947616	2.604831	-128.96	-0.99608964	1.1941447	2.972292	-146.66428	2.4782302	2.1529062	49.418407	-24.088053	1.9803376	3.7982657	125.223206	-12.635273	1.1958251	0.0057550184	0.006783618	0.08745272	2.1818241e-05	-6.985343	0.00095119845	3.6487524e-15	-29.41182	1.6850528e-13	-1.9803375	51.818207	983.09753	60439.85092639923
67	-0.36732158	1.0900525	2.1248655	-3.6076236	-0.24328537	1.2076502	4.0875926	-3.8325827	24.041666	60.7793	366.0	0.0	7.85	23.955742	105.0	0.0	1000.0	1000.0	0.083333336	0.075	111472.0	0.03278588235294118	3350004.0	-1.0601739	1.2793361	2.766898	-199.13173	-1.0601691	1.2784854	2.582175	-197.10503	2.4772646	2.1213934	46.53637	-22.543892	2.0026119	3.8582242	100.637886	-11.512562	1.2256964	0.007064325	0.0072445823	0.08368799	5.966145e-07	-6.959029	0.000977109	3.7552062e-15	-29.427338	1.6591042e-13	-2.0026119	51.30352	990.86707	61430.49451327324
68	-0.25542986	0.6572428	1.9962652	-1.9202418	-0.2509471	0.44668913	0.66559017	-1.4032757	22.26923	71.19748	414.0	0.0	6.6	23.956001	140.0	0.0	1000.0	1000.0	0.03846154	0.0	112630.0	0.032646376811594206	3400004.0	-1.1007898	1.4002599	0.39695597	-304.7501	-1.100778	1.4021304	0.7001505	-287.49957	2.4828353	2.114178	58.78539	-22.994095	1.9879321	3.707795	97.80315	-11.564991	1.3927904	0.011135205	0.016278379	0.08448224	1.391501e-05	-6.888571	0.0010363116	2.7938806e-15	-29.44081	1.6368962e-13	-1.9879318	46.465122	1000.47754	62431.192276239395
69	-0.445981	1.0249839	3.6106114	-2.1510127	-0.35741624	0.85043377	2.4054956	-1.998856	49.604168	140.77223	782.0	0.0	56.5	144.61708	716.0	0.0	1000.0	1000.0	0.0625	0.05	115011.0	0.03286028571428572	3450004.0	-1.1709015	1.3955036	0.40988803	-274.59714	-1.1708765	1.3904006	1.1825507	-229.083	2.485032	2.1237423	53.07039	-24.162746	2.0062578	3.4763906	80.956314	-12.564086	1.5214813	0.013165219	0.013417764	0.08401222	-4.566095e-06	-6.7618995	0.0011747318	2.4092647e-15	-29.450335	1.621379e-13	-2.0062575	52.959835	1002.99365	63434.02500796318
70	-0.30996534	1.0030608	3.3851776	-2.1479414	-0.6565834	0.94234747	1.4233077	-3.4411995	46.596153	120.41167	703.0	0.0	3.8	11.576268	62.0	0.0	1000.0	1000.0	0.13461539	0.175	117434.0	0.03308	3500004.0	-1.1092088	1.2767401	1.0048003	-77.88225	-1.1092064	1.2768502	0.68725634	-90.747185	2.4804332	2.0720716	45.105568	-53.927063	1.9842912	3.3716567	100.53049	-12.462003	1.3150033	0.006366054	0.006355224	0.08136571	2.1348782e-05	-6.7465177	0.0011933469	3.120328e-15	-29.46094	1.6042765e-13	-1.9842912	51.36179	996.1182	64431.42022275925
71	-0.8476534	1.9941804	1.9647301	-10.164392	-4.316027	8.287071	2.5319984	-26.533443	8.333333	43.797512	305.0	0.0	15.275	69.54135	436.0	0.0	1000.0	1000.0	0.0625	0.125	117846.0	0.032735	3550004.0	-0.9718169	1.0551132	1.7796335	-80.488594	-0.9718329	1.0552427	1.5595286	-83.898224	2.4861903	1.9704021	57.941917	-48.67063	1.987619	3.5020514	82.51997	-12.2110815	1.2427996	0.003946597	0.0038959372	0.075129144	1.47284545e-05	-6.8900814	0.0010291218	2.1738218e-15	-29.472164	1.5863634e-13	-1.9876189	51.31022	996.33704	65426.46227502823
72	-2.5334613	3.2637048	3.4972587	-14.253398	0.19849594	1.0259817	3.1234791	-1.305173	17.403847	49.623302	198.0	0.0	57.925	150.14467	720.0	0.0	1000.0	1000.0	0.07692308	0.175	118739.0	0.03253123287671233	3600004.0	-0.8100412	0.80432755	2.0639048	-27.55989	-0.81003153	0.8043217	1.8914907	-28.297546	2.4898257	1.8939794	51.933598	-53.679222	1.9841406	3.6776338	96.77913	-15.475195	1.1211555	0.002312932	0.0023465308	0.071411274	1.2883729e-05	-7.045837	0.00088714896	1.5850052e-15	-29.480135	1.5737684e-13	-1.984141	51.324593	1000.0399	66426.8381717205
73	0.09307733	1.6062915	4.9870768	-3.8738449	-0.17279072	1.0909364	2.7229187	-2.425605	30.479166	69.811646	358.0	0.0	23.0	91.938835	533.0	0.0	1000.0	1000.0	0.29166666	0.075	120202.0	0.03248702702702703	3650004.0	-0.70633906	0.701605	1.1165876	-63.261353	-0.7063293	0.7019968	1.3240607	-64.86994	2.4878232	1.8750974	57.777287	-28.853413	2.0041208	3.7603745	91.9007	-12.681534	0.954413	0.0021933517	0.0020179176	0.07041002	4.1520596e-09	-7.0463276	0.00088691287	1.8872783e-15	-29.486395	1.563948e-13	-2.0041208	52.72764	995.6257	67422.23323750496
74	0.3431009	1.2390625	3.8451807	-1.3149745	0.28682703	1.2362874	3.6911445	-2.1559868	60.03846	128.38867	715.0	0.0	53.9	155.46716	690.0	0.0	1000.0	1000.0	0.28846154	0.2	123324.0	0.0328864	3700004.0	-0.66610456	0.7565833	3.5120735	-65.46148	-0.6661072	0.75695086	3.7891033	-71.519516	2.4889934	1.8542216	59.110683	-37.6037	1.9882818	3.7336016	100.82117	-11.833415	0.93945616	0.002640847	0.0025496879	0.06919231	1.1091845e-05	-7.0145674	0.0009212155	1.6922463e-15	-29.4936	1.5527194e-13	-1.9882817	50.23042	997.42126	68419.53035545349
75	0.6130156	1.6737868	5.7491016	-2.5055416	-0.019095138	0.72659427	2.2598941	-1.5068114	26.125	90.1655	553.0	0.0	21.7	89.20879	531.0	0.0	1000.0	1000.0	0.45833334	0.075	124731.0	0.03282394736842105	3750004.0	-0.64616984	0.77020806	3.5186903	-70.63431	-0.6461936	0.7701736	3.7381208	-79.85763	2.4872668	1.8653854	57.816032	-33.733536	1.9932622	3.6267836	81.997536	-11.786612	0.87725985	0.0029044696	0.0031576953	0.06760879	7.292739e-06	-7.0875225	0.0008490683	1.9461001e-15	-29.50142	1.5406261e-13	-1.9932625	45.942383	996.841	69416.28906416893
76	0.37620857	1.2551804	4.376484	-1.5164986	0.08908494	0.9611288	2.506248	-1.7171853	53.0	113.28572	594.0	0.0	37.4	93.42505	371.0	0.0	1000.0	1000.0	0.26923078	0.15	127334.0	0.03307376623376623	3800004.0	-0.6127781	0.6935756	6.5987935	-91.09654	-0.61277944	0.6929103	4.6979637	-82.69271	2.4939423	1.8764418	46.89945	-29.830784	1.9937669	3.6603348	80.98687	-12.11335	1.0188375	0.0025909718	0.002542111	0.06648627	5.75486e-06	-7.1141076	0.00082667975	9.118663e-16	-29.50697	1.5320986e-13	-1.9937667	52.0035	999.6906	70416.06431341171
77	0.37409985	1.5177344	6.275502	-1.7203068	0.16533923	1.135741	2.5741022	-1.9487208	57.791668	127.940895	616.0	0.0	6.775	20.559044	78.0	0.0	1000.0	1000.0	0.29166666	0.275	130476.0	0.033455384615384616	3850004.0	-0.56998795	0.5894866	1.0138927	-63.09645	-0.5699816	0.58983624	1.0234671	-60.283142	2.4941056	1.9036654	53.93837	-38.152485	2.0093167	3.7171702	86.79487	-14.0160885	0.9964656	0.002115782	0.0017828898	0.06561177	-6.9184075e-06	-7.3571744	0.0006578086	8.83712e-16	-29.50994	1.5275507e-13	-2.0093164	50.84984	995.75183	71412.52854156494
78	0.25730965	1.1265945	3.6181962	-2.7730763	0.57883996	1.5160055	3.5705135	-1.7421722	76.44231	140.11923	591.0	0.0	24.2	69.52309	396.0	0.0	1000.0	1000.0	0.21153846	0.3	134083.0	0.03394506329113924	3900004.0	-0.5582157	0.5340749	1.0249491	-61.82143	-0.55820096	0.5341302	1.1008952	-51.968277	2.4934976	1.8550664	47.73474	-21.590624	1.9751983	3.6323612	91.82766	-13.385061	0.94606984	0.0016908548	0.0014793546	0.062048182	2.1420432e-05	-7.240949	0.00073317793	9.728847e-16	-29.514378	1.52079e-13	-1.9751984	52.222168	997.02893	72409.04678082466
79	0.13954923	1.2002745	3.0574079	-2.5967734	-0.21642837	0.9175696	1.6413568	-2.20703	16.854166	48.74636	230.0	0.0	4.825	18.572678	98.0	0.0	1000.0	1000.0	0.16666667	0.1	134965.0	0.03374125	3950004.0	-0.5130909	0.4871283	1.0127926	-40.5687	-0.5130951	0.4877087	1.0580275	-43.049637	2.495938	1.8160372	47.81143	-33.632168	1.9943967	3.7219205	99.41742	-13.48583	0.93648267	0.0014456717	0.0014091835	0.060496792	5.2215355e-06	-7.1745887	0.0007736115	5.99698e-16	-29.517305	1.5163444e-13	-1.9943966	51.536633	1001.5161	73411.0779080391
80	0.31041485	1.4084089	5.2556562	-3.2538643	0.27984393	1.1862239	4.2370787	-0.9360861	27.461538	57.721966	280.0	0.0	30.6	107.032196	572.0	0.0	1000.0	1000.0	0.32692307	0.2	136320.0	0.03365925925925926	4000004.0	-0.49046063	0.44470775	0.9828403	-53.353565	-0.4904589	0.4448857	1.0156326	-51.717728	2.4943457	1.7897643	52.456562	-29.30026	1.9807116	3.7407198	83.34418	-11.813936	0.85548425	0.0011909022	0.0011596694	0.05778491	1.4183936e-05	-7.3947725	0.00063321297	8.3876575e-16	-29.520285	1.5118295e-13	-1.9807116	52.19944	998.4143	74409.96432232857
81	0.53242373	1.3578641	4.631724	-1.5716745	0.045682512	0.6941596	2.2094915	-1.1807709	36.0	138.68175	901.0	0.0	27.2	111.94155	590.0	0.0	1000.0	1000.0	0.35416666	0.125	138250.0	0.03371951219512195	4050004.0	-0.48749444	0.3905881	0.9609244	-51.14245	-0.48748836	0.3907174	0.9832859	-47.2216	2.4971056	1.7204487	51.629414	-29.816973	1.9996642	3.883765	106.96051	-11.7238655	0.8858891	0.00090336846	0.00076563616	0.054247953	7.2985233e-07	-7.4038076	0.00062360364	4.2031228e-16	-29.52277	1.508076e-13	-1.9996644	51.592323	997.63275	75407.10525226593
82	0.44812945	1.1555815	3.927271	-1.1674205	0.5227644	1.0866396	3.3773868	-0.98610026	34.03846	87.63319	408.0	0.0	4.625	13.974419	69.0	0.0	1000.0	1000.0	0.25	0.275	139818.0	0.033691084337349395	4100004.0	-0.4854608	0.39884844	1.1319185	-55.764015	-0.48545328	0.3989657	1.1491863	-54.320168	2.5002072	1.6224716	44.002438	-32.773983	1.9789382	3.5619495	93.404305	-12.7814045	0.9064141	0.001035511	0.0010097458	0.04918883	1.4508533e-05	-7.3905663	0.0006306571	-4.7407183e-17	-29.523438	1.5070711e-13	-1.9789382	52.090313	1001.5646	76408.29816007614
83	0.5586402	1.5526338	6.4650526	-1.404866	0.34818286	1.021919	2.9523492	-1.4999379	16.708334	44.614067	244.0	0.0	8.4	34.67261	215.0	0.0	1000.0	1000.0	0.3125	0.225	140769.0	0.03351642857142857	4150004.0	-0.4701977	0.36764586	1.2290877	-45.47815	-0.47020128	0.36773768	1.2200577	-49.548237	2.499308	1.5629305	56.27009	-40.70169	1.9965869	3.459398	71.110466	-11.644742	0.84484065	0.0009681925	0.00086610444	0.047133207	3.1987154e-06	-7.4233723	0.00060647825	8.800752e-17	-29.523785	1.506545e-13	-1.9965869	50.943996	997.92126	77406.08298444748
84	0.87843883	1.5519651	5.457865	-1.593651	0.45002517	1.1154363	4.8110914	-1.1442049	29.576923	90.55732	585.0	0.0	33.85	149.10039	939.0	0.0	1000.0	1000.0	0.40384614	0.35	142158.0	0.03344894117647059	4200004.0	-0.44021118	0.35382813	1.1764297	-57.202126	-0.44021672	0.3546641	1.2029883	-59.636227	2.4996302	1.5762559	60.432243	-26.170982	1.9791028	3.4395027	98.78617	-14.060286	0.82771635	0.0012221144	0.0011228566	0.04831368	1.42977715e-05	-7.4615293	0.00058821985	3.9439876e-17	-29.52395	1.5063004e-13	-1.9791028	51.43228	999.319	78405.15389871597
85	1.3247263	2.0419667	7.533802	-1.1591413	1.0820152	1.6630199	5.549944	-1.5110079	33.270832	66.80966	333.0	0.0	41.775	117.23683	542.0	0.0	1000.0	1000.0	0.6666667	0.475	144090.0	0.03350930232558139	4250004.0	-0.40851876	0.34550962	1.2170208	-61.889942	-0.4085229	0.34577292	1.180505	-65.92728	2.499958	1.5852944	54.164967	-16.255623	2.000444	3.3954673	77.72532	-13.944378	0.8048103	0.0008909122	0.0009802879	0.04864478	6.3219545e-07	-7.414393	0.00061100867	-9.957382e-18	-29.5237	1.5066728e-13	-2.0004442	43.390583	995.18884	79400.47649979591
86	1.2471185	1.6667104	5.989975	-1.6325967	0.86266947	1.6860459	5.614775	-1.2131464	32.673077	77.834816	376.0	0.0	10.9	46.28596	256.0	0.0	1000.0	1000.0	0.5769231	0.425	145454.0	0.033437701149425285	4300004.0	-0.3494522	0.3138593	1.2491382	-17.313446	-0.34945548	0.3139605	1.249817	-17.22505	2.501438	1.5525541	60.038765	-18.396116	1.9831924	3.3988435	100.396904	-12.455038	0.7649821	0.00046364093	0.0004683648	0.04600432	1.0141346e-05	-7.541537	0.0005406101	-2.3288313e-16	-29.523495	1.5069849e-13	-1.9831924	48.18679	996.5895	80396.89513397217
87	1.6477474	2.5987594	12.380521	-0.9405384	0.42276198	1.506643	5.5304756	-1.3938022	35.6875	95.828	587.0	0.0	6.55	19.310553	91.0	0.0	1000.0	1000.0	0.7916667	0.35	147178.0	0.033449545454545454	4350004.0	-0.31141958	0.3122373	1.3713226	-35.15485	-0.31142473	0.31263945	1.3500293	-32.67982	2.5028582	1.561076	51.738182	-19.094921	2.001427	3.485398	78.97277	-13.588562	0.7677547	0.0005318888	0.0004908126	0.045746554	-3.7828207e-07	-7.558235	0.00053268817	-4.475363e-16	-29.522263	1.5088461e-13	-2.001427	50.529015	994.033	81391.11787319183
88	1.3579539	1.886696	6.746025	-1.0083891	0.9290789	1.3334018	4.1316023	-1.316481	16.461538	39.235706	204.0	0.0	29.575	141.97462	902.0	0.0	1000.0	1000.0	0.6730769	0.3	148023.0	0.03326359550561798	4400004.0	-0.28733578	0.29722875	1.5112436	-44.494267	-0.2873397	0.2973112	1.4465462	-40.32091	2.5029666	1.5314839	38.350037	-14.363999	1.9891883	3.3839908	69.33357	-12.820327	0.73560065	0.00046524013	0.00042193654	0.044823743	6.392309e-06	-7.678161	0.00047106622	-4.647733e-16	-29.520195	1.511969e-13	-1.9891884	51.154037	994.7429	82385.95953464508
89	1.7414012	1.753365	6.141584	-0.95344883	1.5840273	2.515106	11.699623	-0.90722036	29.333334	85.07602	473.0	0.0	20.625	38.277073	163.0	0.0	1000.0	1000.0	0.7708333	0.675	149431.0	0.03320688888888889	4450004.0	-0.26268077	0.2601093	1.5824399	-27.21172	-0.26268253	0.2602921	1.5326082	-28.154097	2.5008898	1.5515665	40.376266	-22.789677	1.9932773	3.3016462	84.48158	-12.633179	0.66491127	0.00031404058	0.00032345622	0.046065986	4.202575e-06	-7.547805	0.00053332886	-1.5097456e-16	-29.519144	1.513557e-13	-1.9932772	51.327312	997.626	83383.60279297829
90	2.3861854	3.293965	13.7964	-1.5934813	1.8473175	2.351227	9.84181	-0.6332043	60.03846	148.53282	842.0	0.0	76.05	203.18661	942.0	0.0	1000.0	1000.0	1.0384616	0.75	152553.0	0.03352813186813187	4500004.0	-0.19931166	0.25232252	1.6047735	-16.64648	-0.19931336	0.25244683	1.5999898	-18.994911	2.5036116	1.6013844	38.617798	-13.430584	1.9886756	3.3089259	68.92273	-12.743434	0.69230115	0.00028614284	0.0002788093	0.04753982	5.439363e-06	-7.616942	0.00050058926	-5.638601e-16	-29.51769	1.5157575e-13	-1.9886756	43.26204	747.5804	84131.67828822136
91	2.1480827	2.7109456	9.5643	-1.3465825	1.9821873	2.3658	8.473833	-0.81616867	31.270834	92.72153	580.0	0.0	39.6	62.733482	284.0	0.0	1000.0	1000.0	0.9375	0.925	154078.0	0.03349521739130435	4550004.0	-0.17743309	0.25953338	1.5347594	-20.479813	-0.17743261	0.25942227	1.5338831	-19.296095	2.503455	1.6335334	36.66545	-20.005756	2.008018	3.3131914	76.02405	-12.6359825	0.6839686	0.00032181418	0.0003207258	0.04782425	-2.6494145e-06	-7.606712	0.00050880056	-5.412439e-16	-29.51549	1.5190995e-13	-2.008018	46.52094	675.2073	84806.23322415352
92	2.1239538	3.0111408	17.848719	-1.2990161	1.2543964	2.2553883	10.530969	-2.5580902	31.826923	68.26496	425.0	0.0	59.925	158.4704	894.0	0.0	1000.0	1000.0	0.96153843	0.575	155709.0	0.0334858064516129	4600004.0	-0.17653374	0.25593004	1.3826649	-17.90598	-0.17653503	0.25599325	1.3593389	-18.95445	2.5035865	1.5926161	43.522156	-13.46442	1.9775308	3.3495007	67.23236	-11.762157	0.6638799	0.00028182656	0.00027993077	0.0463942	1.2338897e-05	-7.63162	0.00049547036	-5.624267e-16	-29.513203	1.522577e-13	-1.9775308	46.378464	576.9047	85383.14468026161
93	1.5513135	1.7925652	8.306004	-0.84152055	1.322387	1.6405644	6.3253	-0.41057023	59.6875	113.13803	528.0	0.0	27.1	134.31917	859.0	0.0	1000.0	1000.0	0.625	0.625	158639.0	0.033752978723404256	4650004.0	-0.16496657	0.23958348	1.3178276	-5.28584	-0.16496742	0.23957893	1.3211253	-5.0198803	2.5033977	1.6259333	42.43577	-9.128218	2.006565	3.4541728	65.66143	-11.880263	0.66966915	0.00021705567	0.00021766087	0.047447674	-2.0574546e-06	-7.580474	0.0005175409	-5.34885e-16	-29.51101	1.5259158e-13	-2.006565	45.81058	564.70325	85947.83257937431
94	1.5199902	2.338256	10.251127	-0.8921892	1.8219105	2.942954	14.758143	-1.8027761	38.865383	83.81023	483.0	0.0	21.75	59.03209	295.0	0.0	1000.0	1000.0	0.59615386	0.925	160595.0	0.03380947368421053	4700004.0	-0.15600233	0.23714943	1.4948771	-1.7649102	-0.15600304	0.23716179	1.4994745	-1.776813	2.5023377	1.6884172	43.77487	-12.073702	2.0076306	3.4341269	67.21022	-13.562476	0.6627158	0.0002260576	0.0002239013	0.04877699	-4.530755e-06	-7.4614267	0.0005821577	-3.7382084e-16	-29.509113	1.5288176e-13	-2.0076306	45.729965	564.3061	86511.98507332802
95	2.6934211	2.7947986	14.376737	-0.6729114	1.0267807	1.5964544	4.793258	-0.7247883	44.729168	95.75375	534.0	0.0	51.15	181.13387	902.0	0.0	1000.0	1000.0	1.2083334	0.475	162749.0	0.033906041666666664	4750004.0	-0.14221637	0.25135353	1.6075523	-1.7094691	-0.14221624	0.25135243	1.6574532	-1.7186782	2.5027294	1.7322061	52.41502	-8.44075	1.9856497	3.4192455	83.10243	-13.425876	0.68545187	0.00023105228	0.0002306461	0.05016926	1.0605979e-05	-7.452777	0.00059019175	-4.3441792e-16	-29.507618	1.531102e-13	-1.9856498	41.474445	570.3849	87082.67569470406
96	1.9204068	2.269607	9.278068	-0.85020036	1.7671602	2.1676874	8.731096	-0.8797498	31.557692	71.370224	385.0	0.0	30.45	52.2221	194.0	0.0	1000.0	1000.0	0.8076923	0.675	164383.0	0.03389340206185567	4800004.0	-0.13160995	0.25032625	1.5708057	-1.7721509	-0.13160904	0.2503176	1.5980918	-1.8181791	2.5026824	1.7611704	58.281815	-7.0888042	1.9868847	3.4418538	81.0807	-12.266545	0.6839986	0.00025426075	0.00025482525	0.05138676	7.662526e-06	-7.5638356	0.0005282813	-4.2796528e-16	-29.505884	1.5337555e-13	-1.9868848	46.03849	574.6905	87657.40537500381
97	2.3065314	2.3760915	8.723898	-1.3191727	1.8468136	2.3584101	8.548177	-0.62030375	54.541668	104.0054	443.0	0.0	52.025	99.90708	501.0	0.0	1000.0	1000.0	1.1041666	0.75	167022.0	0.03408612244897959	4850004.0	-0.12803477	0.24401486	1.3833205	-2.0378823	-0.12803482	0.24401084	1.3996861	-1.9958429	2.5015235	1.7984573	49.896248	-7.9671326	1.998064	3.4423668	87.71968	-15.451626	0.68010956	0.00024633578	0.0002473577	0.052584637	2.252006e-06	-7.5296535	0.0005455359	-2.5052633e-16	-29.504377	1.5360708e-13	-1.9980639	44.554745	565.4131	88222.5866112709
98	2.3444197	2.543009	10.834004	-1.1384517	1.1764739	1.8136736	7.703801	-0.6142793	98.80769	176.33089	758.0	0.0	25.6	44.250874	222.0	0.0	1000.0	1000.0	1.0	0.425	172139.0	0.03477555555555555	4900004.0	-0.12280909	0.25377613	1.4357723	-1.8424774	-0.1228087	0.25377142	1.410824	-1.8125985	2.5006688	1.8208938	50.58357	-8.758522	2.0012643	3.4277437	101.16493	-13.566277	0.6628803	0.0002546626	0.0002551329	0.053401325	-9.393692e-08	-7.4678226	0.00058175105	-1.1936882e-16	-29.503647	1.5371939e-13	-2.0012643	45.339794	575.28687	88797.93779325485
99	2.0585856	2.2438803	10.189353	-1.2871555	1.0182337	1.3493961	5.1766396	-0.91726226	69.041664	131.35242	633.0	0.0	44.375	149.17784	776.0	0.0	1000.0	1000.0	0.875	0.35	175635.0	0.035127	4950004.0	-0.1278276	0.24529366	1.4532558	-2.0374856	-0.12782677	0.24528238	1.4698606	-1.9838346	2.501572	1.9063218	46.52413	-9.119711	1.975422	3.5892012	83.27908	-12.722247	0.7389932	0.00026872937	0.00026971914	0.056706484	1.5137846e-05	-7.4695783	0.00058195763	-2.5840762e-16	-29.502718	1.5386252e-13	-1.9754221	45.993362	579.92725	89378.75068163872
