Epoch	AverageEpRet	StdEpRet	MaxEpRet	MinEpRet	AverageTestEpRet	StdTestEpRet	MaxTestEpRet	MinTestEpRet	AverageEpCost	StdEpCost	MaxEpCost	MinEpCost	AverageTestEpCost	StdTestEpCost	MaxTestEpCost	MinTestEpCost	EpLen	TestEpLen	EpGoals	TestEpGoals	CumulativeCost	CostRate	TotalEnvInteracts	AverageQR1Vals	StdQR1Vals	MaxQR1Vals	MinQR1Vals	AverageQR2Vals	StdQR2Vals	MaxQR2Vals	MinQR2Vals	AverageQCVals	StdQCVals	MaxQCVals	MinQCVals	AverageQCVar	StdQCVar	MaxQCVar	MinQCVar	AverageLogPi	StdLogPi	MaxLogPi	MinLogPi	LossPi	LossQR1	LossQR2	LossQC	LossQCVar	LossAlpha	LogAlpha	Alpha	LossBeta	LogBeta	Beta	PiEntropy	TestTime	EpochTime	TotalTime
1	-4.146106	5.2835402	3.7389562	-16.271276	-9.5319395	9.882093	3.7035122	-29.008781	27.416666	54.53089	234.0	0.0	40.1	73.399185	323.0	0.0	1000.0	1000.0	0.14583333	0.3	1346.0	0.01346	50004.0	-1.1134043	2.7995942	2.0585587	-23.228558	-1.1571641	2.7761343	2.0095146	-23.458355	0.8777149	2.948815	38.925632	-2.787902	0.6964794	1.0282294	22.828058	0.011946205	0.5971513	2.6415396	41.513474	-11.90605	-3.508067	0.08584529	0.071617305	0.027135933	0.1451696	0.23891601	-3.1677787	0.118301176	0.06698049	-8.581492	0.0245737	-0.5971514	19.392387	367.16364	368.86314630508423
2	-0.36652866	2.2177353	4.571057	-7.1350336	-0.14309242	1.0223525	2.2079225	-2.166154	21.01923	49.154575	319.0	0.0	7.75	15.452751	68.0	0.0	1000.0	1000.0	0.40384614	0.25	2409.0	0.01606	100004.0	-1.6346619	1.7981521	0.8161002	-13.967741	-1.634671	1.7981343	0.8061851	-13.976662	1.9889047	2.6876695	30.234383	-5.903927	0.5059168	1.1265349	48.155556	0.005423712	1.9008697	3.9923377	59.155674	-13.327087	1.6522325	0.0018287261	0.0018622086	0.025481874	0.18987422	0.00027671552	-6.083886	0.0023488083	4.2626203e-07	-12.81372	7.371496e-06	-1.9008697	20.800598	684.67676	1053.630666255951
3	1.2470617	2.4364512	10.03116	-1.8248646	0.9109008	1.5743103	5.5910974	-1.3698589	44.875	76.551895	321.0	0.0	40.1	162.98555	861.0	0.0	1000.0	1000.0	0.9166667	0.6	4683.0	0.023415	150004.0	-1.5842394	1.0900639	0.29794574	-6.2461	-1.5842404	1.0900574	0.29354167	-6.306646	2.0684288	2.2878406	32.051014	-4.289263	0.43959954	1.0180618	38.089024	0.00024434918	1.9810048	4.2804394	73.47513	-15.640627	1.7167516	0.0006380687	0.00065077085	0.025892524	0.17544226	3.9981565e-05	-6.297436	0.0018654105	1.1971251e-09	-17.772602	2.6613812e-08	-1.981005	20.613747	700.06946	1753.8215913772583
4	1.133294	1.7913564	7.015153	-1.5312653	1.0587976	1.799631	5.7901325	-2.590807	48.403847	104.74902	503.0	0.0	59.0	144.8066	763.0	0.0	1000.0	1000.0	0.63461536	0.625	7080.0	0.02832	200004.0	-1.3157642	0.69778734	0.42367083	-4.6603823	-1.3157625	0.69776833	0.30551252	-4.6671433	2.0606275	2.1623933	41.095497	-6.533985	0.49647126	1.1985648	32.21741	0.00016032365	2.003979	4.162919	66.41583	-13.163564	1.7285672	0.00039819625	0.0004138179	0.03314184	0.18692751	1.4294147e-07	-6.336996	0.0018039286	2.8163665e-12	-18.420683	1.3596008e-10	-2.003979	20.743572	701.36383	2455.080617904663
5	1.814761	2.099447	7.2893615	-2.3956327	0.6835681	1.5284494	6.4498105	-0.8476544	26.645834	52.396122	270.0	0.0	30.475	143.34521	894.0	0.0	1000.0	1000.0	0.9583333	0.425	8393.0	0.027976666666666667	250004.0	-1.1267548	0.5460678	0.6309042	-4.4023156	-1.1267515	0.5460456	0.55775267	-4.4764137	2.0139644	2.2033195	37.654266	-10.112312	0.6337466	1.5116068	36.80206	0.000165568	1.9940385	4.1321845	61.2444	-12.46774	1.4146711	0.00043664902	0.0004489811	0.039868858	0.19991973	2.0857144e-05	-6.1176376	0.0022409842	2.8534575e-13	-18.420683	9.377361e-12	-1.9940385	20.87083	701.6359	3156.684651851654
6	0.67152685	1.4114728	4.548275	-1.4460298	0.41188198	1.2857541	3.629124	-1.4603127	44.557693	108.479065	612.0	0.0	19.125	109.459854	702.0	0.0	1000.0	1000.0	0.3653846	0.3	10676.0	0.030502857142857144	300004.0	-1.0058464	0.49360508	0.4170795	-5.171208	-1.0058452	0.49358118	0.48745283	-5.156734	2.011416	2.2017932	35.412785	-10.156361	0.6500552	1.5874152	32.6015	3.1828375e-05	1.9802592	4.149046	61.64811	-11.660952	1.2221228	0.00045871208	0.00047140947	0.04338325	0.2068416	4.830452e-05	-6.1139426	0.002253348	1.3920249e-13	-18.420683	4.372819e-12	-1.9802591	18.776907	712.7495	3869.4823973178864
7	1.2816354	1.8047243	5.0154853	-3.6758926	1.5305915	1.7855968	5.603992	-0.7938755	10.916667	24.424915	119.0	0.0	39.225	133.51526	725.0	0.0	1000.0	1000.0	0.75	0.875	11200.0	0.028	350004.0	-0.9677098	0.49714747	0.6554333	-6.905851	-0.9677063	0.4971209	0.74991256	-6.6327467	1.9847922	2.2578835	37.777145	-13.317036	0.74635893	1.8561139	41.724506	1.8954097e-05	2.0062861	4.268762	77.24494	-11.876708	1.2658426	0.0006493694	0.0006659821	0.047352705	0.21521342	-6.2888716e-06	-6.1043286	0.0022724664	8.7482965e-14	-18.420683	2.8470718e-12	-2.0062861	20.980412	708.53455	4578.038293600082
8	1.1270436	2.2581766	8.503938	-3.7606928	1.012797	2.0600946	10.035026	-1.0633043	33.96154	124.70764	861.0	0.0	7.8	39.22958	251.0	0.0	1000.0	1000.0	0.75	0.575	12966.0	0.028813333333333333	400004.0	-0.9709121	0.48520005	0.8291483	-8.543973	-0.9709013	0.48519576	0.9019106	-8.900346	1.9624065	2.2342114	35.509377	-13.089904	0.83542156	2.0505857	47.468723	8.106199e-06	1.9961306	4.1557417	68.47707	-11.824179	1.3272414	0.00068823074	0.0006988678	0.051282637	0.22026215	1.3172302e-05	-6.194979	0.0021040558	6.004381e-14	-18.420683	2.1005368e-12	-1.9961306	20.98336	703.13135	5281.173560142517
9	1.3974603	1.7541062	6.588579	-2.1504686	1.2520006	1.8552414	6.817453	-1.261325	36.916668	78.85663	387.0	0.0	60.15	180.3586	879.0	0.0	1000.0	1000.0	0.8541667	0.8	14738.0	0.029476	450004.0	-0.9564755	0.46285313	0.36895055	-9.778711	-0.9564711	0.4628423	0.6133462	-9.356019	1.9547141	2.2468374	42.539505	-9.7811365	0.85131264	2.105672	45.965336	2.7418098e-06	1.9662672	4.1956425	67.75421	-10.625573	1.2169293	0.0005878175	0.00059814577	0.053050645	0.22282171	7.9206235e-05	-6.155033	0.002171448	5.4369188e-14	-18.420683	1.6830853e-12	-1.9662673	20.769138	702.09125	5983.2813601493835
10	0.99162865	2.0578907	6.9079485	-1.5143342	1.9469106	2.3981602	9.588692	-1.0354508	17.596153	68.036545	436.0	0.0	33.4	113.29073	636.0	0.0	1000.0	1000.0	0.63461536	1.025	15653.0	0.02846	500004.0	-0.90480393	0.47341293	0.7818533	-17.660475	-0.9047945	0.47341263	0.91395426	-18.107325	1.9563243	2.2531493	45.915512	-12.952526	0.87385124	2.137262	61.573772	2.2150479e-07	1.9776019	4.274155	64.28024	-12.201797	1.2722892	0.00069895433	0.000701824	0.051387373	0.21863064	5.2104147e-05	-6.2068114	0.0020673901	3.970351e-14	-18.420683	1.4033668e-12	-1.9776015	20.782345	713.4143	6697.422587633133
11	1.5032679	2.600851	8.076329	-2.165273	1.1275225	2.4966705	9.246568	-3.3094952	38.9375	73.85978	317.0	0.0	39.125	84.9774	414.0	0.0	1000.0	1000.0	0.875	0.875	17598.0	0.02933	550004.0	-0.9221415	0.473947	1.3149679	-16.060322	-0.92213607	0.4739089	1.2023978	-15.73731	1.92414	2.3003743	43.074852	-12.340365	1.0159551	2.4575372	72.53714	1e-08	1.9994535	4.38778	92.216415	-12.374667	1.4438049	0.00074786687	0.0007670267	0.055520233	0.22733733	6.1814117e-06	-6.2174573	0.00203265	2.9473125e-14	-18.420683	1.2177796e-12	-1.9994534	21.653477	726.9981	7423.856189250946
12	0.7549337	1.5809568	4.7028155	-2.76708	1.4333751	2.3185165	7.661084	-1.8883804	48.576923	123.85137	807.0	0.0	12.95	56.629475	360.0	0.0	1000.0	1000.0	0.63461536	0.875	20048.0	0.030843076923076924	600004.0	-0.9460145	0.47101203	0.5156116	-9.593343	-0.94601595	0.47099984	0.8392896	-9.452182	1.9087883	2.264237	39.88276	-13.890221	1.1022362	2.717037	69.66668	1e-08	2.0002034	4.5007763	102.597466	-11.367218	1.506209	0.0006834824	0.0006873903	0.058054816	0.23096402	1.0981426e-05	-6.13629	0.00221438	2.334767e-14	-18.420683	1.0970365e-12	-2.0002034	21.186562	725.0823	8148.958735466003
13	0.5550283	1.7920257	9.056941	-1.7709432	0.446577	1.6874725	8.034966	-1.2856774	35.208332	113.7477	634.0	0.0	18.525	93.02848	595.0	0.0	1000.0	1000.0	0.5416667	0.375	21738.0	0.031054285714285715	650004.0	-1.0339123	0.50635093	0.8027805	-7.226034	-1.0339117	0.50634485	0.8525517	-7.2614617	1.8939152	2.3117537	39.619705	-18.24117	1.1204997	2.7370152	59.92205	1e-08	1.9739453	4.3673434	88.385796	-12.005312	1.4527618	0.0008141676	0.00081336807	0.061338175	0.23987578	6.147006e-05	-6.0751724	0.0023494384	2.8953694e-14	-18.420683	9.856557e-13	-1.9739455	20.964104	729.7976	8878.478340387344
14	0.44262388	1.6590424	5.5636363	-1.6703736	0.857545	1.4543904	6.1307573	-0.71288776	17.788462	44.53233	201.0	0.0	13.6	37.433807	170.0	0.0	1000.0	1000.0	0.40384614	0.5	22663.0	0.030217333333333332	700004.0	-1.0846885	0.5343872	0.9011154	-17.828968	-1.0846915	0.53435755	0.9748387	-18.58726	1.8666756	2.2857757	41.342464	-21.174593	1.3013724	3.1584191	65.48734	1e-08	1.9808203	4.5404844	112.79929	-12.889454	1.6455024	0.0010251536	0.0010368947	0.063212864	0.23778337	3.6815316e-05	-6.2165613	0.002038013	2.0184807e-14	-18.420683	8.987803e-13	-1.9808202	21.153975	725.0402	9603.712415456772
15	1.0295782	1.7254784	6.777132	-1.1144873	1.5541573	2.3981776	6.491458	-1.996298	13.8125	36.29202	179.0	0.0	23.175	73.93067	391.0	0.0	1000.0	1000.0	0.625	0.9	23326.0	0.0291575	750004.0	-1.1405605	0.5352113	0.7759189	-14.530975	-1.1405666	0.53521615	0.8188445	-14.090916	1.8614004	2.3102896	45.20043	-16.800661	1.3254803	3.2921865	71.647736	1e-08	2.0159636	4.3445067	88.95783	-11.54562	1.6005925	0.0008771613	0.0008746628	0.06490957	0.24431355	-1.508336e-05	-6.141375	0.0022005036	2.2872988e-14	-18.420683	8.261042e-13	-2.0159636	21.243158	711.5166	10315.02981877327
16	0.8952163	1.6146511	7.3944144	-1.7244699	1.2680199	1.4645879	3.8584154	-1.6068413	6.826923	22.740782	135.0	0.0	17.925	48.202896	207.0	0.0	1000.0	1000.0	0.5769231	0.55	23681.0	0.02786	800004.0	-1.1204796	0.49961486	1.112217	-6.85777	-1.1204789	0.49960676	1.0767274	-7.0288363	1.8380582	2.182057	40.863804	-20.651314	1.4375343	3.4801161	71.93141	1e-08	1.9745404	4.302825	87.336555	-13.637265	1.5448275	0.0007595204	0.00076259766	0.061303876	0.22856629	5.2822346e-05	-6.244106	0.002009366	1.9089488e-14	-18.420683	7.550406e-13	-1.9745401	21.06017	716.2052	11031.560997962952
17	1.1910646	2.3242013	9.685311	-1.7942648	0.7102703	1.3568625	4.8183036	-1.0262154	27.25	72.45789	435.0	0.0	51.325	143.47218	547.0	0.0	1000.0	1000.0	0.7708333	0.425	24989.0	0.027765555555555557	850004.0	-1.1148915	0.48429292	1.5565515	-6.7424884	-1.1148975	0.48426083	1.5764759	-6.3388696	1.8298445	2.1376138	44.36945	-24.880274	1.43467	3.512834	88.660484	1e-08	1.9621309	4.4282727	93.78564	-12.253536	1.4045376	0.0007896242	0.0008011055	0.061765186	0.22338812	8.711686e-05	-6.232203	0.0020630313	2.0397219e-14	-18.420683	7.008125e-13	-1.9621309	20.512718	709.20416	11740.506884336472
18	0.5341836	2.001404	6.2615976	-4.980246	-0.1882854	3.9596386	12.770056	-10.434386	31.923077	100.40262	452.0	0.0	34.675	103.69267	503.0	0.0	1000.0	1000.0	0.5576923	0.725	26649.0	0.02805157894736842	900004.0	-1.1581168	0.5180093	1.6419125	-6.558783	-1.1581215	0.51796716	1.666147	-6.883753	1.8436862	2.1173005	45.788902	-19.64953	1.387695	3.4334736	92.03301	1e-08	1.984616	4.4780498	75.586044	-13.736611	1.4014626	0.0009260728	0.00094034034	0.06220444	0.22432505	3.6897505e-05	-6.223899	0.0020283659	1.9560811e-14	-18.420683	6.444594e-13	-1.9846159	21.182755	715.645	12456.201830625534
19	0.8537089	1.4478537	4.1318374	-1.9559832	0.68679625	1.1959307	5.4196277	-1.464557	5.3958335	17.999699	107.0	0.0	47.425	127.50332	751.0	0.0	1000.0	1000.0	0.6458333	0.325	26908.0	0.026908	950004.0	-1.1825676	0.54511374	1.9378421	-7.820565	-1.182566	0.54509777	2.0144708	-7.840891	1.8583417	2.232198	62.969162	-19.27631	1.3856885	3.7350044	91.11899	1e-08	1.9852681	4.3336134	79.94987	-11.356423	1.3899106	0.00094614225	0.0009561492	0.065550596	0.23544113	3.3120043e-05	-6.3248005	0.0018396627	2.1423618e-14	-18.420683	5.9637316e-13	-1.9852687	21.174877	703.8751	13160.036066293716
20	0.99403214	1.95307	7.2562413	-2.067231	0.35607502	1.5971371	7.871993	-2.5811656	18.192308	46.68719	245.0	0.0	32.2	119.25166	714.0	0.0	1000.0	1000.0	0.65384614	0.4	27854.0	0.026527619047619046	1000004.0	-1.2398083	0.5673483	0.82356536	-9.791336	-1.2398158	0.567308	0.91731536	-10.061799	1.863605	2.1603131	47.6528	-18.655476	1.3521148	3.6323085	110.867805	1e-08	1.9646562	4.289042	82.77136	-14.023157	1.4511503	0.0011050235	0.0011308932	0.065047875	0.23346107	7.4630225e-05	-6.0934114	0.0023061356	1.8686257e-14	-18.420683	5.491242e-13	-1.964656	20.820896	703.0322	13863.88389658928
21	0.6740475	1.3554938	3.9525938	-3.1100054	0.7306851	1.780016	6.885913	-2.0968745	12.729167	39.514626	189.0	0.0	9.25	32.820534	192.0	0.0	1000.0	1000.0	0.4375	0.5	28465.0	0.025877272727272728	1050004.0	-1.3242218	0.62422484	1.1747094	-25.074493	-1.3242214	0.624285	1.2572656	-25.308899	1.8391738	2.1151657	49.157772	-22.15222	1.4738572	3.9390287	100.9976	1e-08	2.0180662	4.4436255	101.616394	-11.685315	1.5257341	0.0016391234	0.0016544927	0.06209478	0.22285621	-2.9665496e-05	-6.261323	0.0019517518	1.6831808e-14	-18.420683	5.102318e-13	-2.0180662	20.965996	707.7793	14570.689925670624
22	0.66479534	1.1963563	3.894382	-1.3901376	0.7928864	1.3183987	4.700979	-1.0942247	9.288462	26.803656	134.0	0.0	21.35	66.10883	367.0	0.0	1000.0	1000.0	0.46153846	0.425	28948.0	0.025172173913043477	1100004.0	-1.2934333	0.5934068	1.7461796	-8.873106	-1.2934319	0.593375	1.699641	-8.419154	1.8349887	2.10515	56.846016	-22.0583	1.506595	4.238965	149.16377	1e-08	1.9545265	4.4679675	93.84532	-13.106989	1.6408603	0.0010768394	0.0010927304	0.06283834	0.22195609	8.8483284e-05	-6.2914886	0.0019043054	1.256863e-14	-18.420683	4.8225784e-13	-1.9545265	20.872334	702.70966	15273.521433830261
23	0.43006268	1.4998573	5.8350263	-1.9407544	1.0979376	1.8666245	6.4900775	-2.2350252	25.520834	85.61687	394.0	0.0	29.575	119.07684	718.0	0.0	1000.0	1000.0	0.35416666	0.7	30242.0	0.025201666666666667	1150004.0	-1.249155	0.5733968	1.7227854	-10.098291	-1.2491546	0.5733314	1.6867777	-10.252626	1.8311644	2.1258314	50.30646	-22.02359	1.4529881	4.3398323	196.3415	1e-08	2.0281882	4.468739	91.80401	-13.908016	1.4627975	0.001172819	0.0012060842	0.061550673	0.22448762	-4.8772763e-05	-6.2546544	0.0019596978	1.4821794e-14	-18.420683	4.5671794e-13	-2.0281885	21.120485	707.4984	15981.180022239685
24	0.951356	1.7587574	7.293172	-0.994832	0.88564223	1.2834028	3.8118327	-1.0149362	15.0	55.721836	340.0	0.0	34.35	82.18198	365.0	0.0	1000.0	1000.0	0.59615386	0.5	30953.0	0.0247624	1200004.0	-1.3550181	0.6154323	0.3187669	-10.009746	-1.355018	0.615385	0.6555493	-10.073511	1.8364705	2.1257832	46.97217	-15.119872	1.39472	4.004789	222.03552	1e-08	1.9705865	4.2911386	86.056114	-13.15029	1.6450803	0.0013666099	0.0013944766	0.06316138	0.22760406	6.870035e-05	-6.282255	0.001905247	1.2668613e-14	-18.420683	4.3197065e-13	-1.9705865	21.149715	704.46423	16685.44925546646
25	0.829566	1.7028674	4.688269	-3.9995816	1.2574388	1.6495507	6.837471	-1.2139865	22.1875	73.77264	448.0	0.0	33.75	119.342316	725.0	0.0	1000.0	1000.0	0.5208333	0.625	32331.0	0.02487	1250004.0	-1.3572072	0.5928401	0.43388957	-9.37023	-1.3572057	0.5928339	0.5643384	-9.343469	1.863421	2.0467343	49.79905	-17.726171	1.3064828	3.8117957	215.5973	1e-08	1.9777527	4.294801	98.828995	-12.553935	1.6907927	0.0011655801	0.0011698933	0.059287257	0.21697946	3.771011e-05	-6.392842	0.0017249369	9.849107e-15	-18.420683	4.1375852e-13	-1.9777527	21.450466	703.5576	17389.067766189575
26	0.96028066	1.83821	6.359493	-2.2467995	0.6470393	1.2703854	4.338041	-0.7736974	25.692308	73.960106	376.0	0.0	67.2	187.56894	887.0	0.0	1000.0	1000.0	0.6730769	0.35	33354.0	0.024706666666666665	1300004.0	-1.2852367	0.53821623	0.49582273	-7.5928397	-1.2852341	0.5382113	0.53561324	-7.9288273	1.871386	1.994477	47.429604	-18.088017	1.2881495	4.120442	285.10992	1e-08	2.0087543	4.3908625	90.703285	-11.991798	1.6268208	0.0009243581	0.0009241092	0.057612784	0.21042666	-1.1922276e-05	-6.4518876	0.0016218643	8.80567e-15	-18.420683	3.9809508e-13	-2.0087543	21.255808	705.8137	18094.841767549515
27	0.6353366	1.575423	4.5851717	-1.4418694	0.5584341	2.097125	12.321681	-1.0060295	31.208334	95.33056	546.0	0.0	51.675	137.14726	601.0	0.0	1000.0	1000.0	0.5	0.425	34852.0	0.024894285714285716	1350004.0	-1.1961805	0.48519027	0.46346527	-5.7416553	-1.1961819	0.48516744	0.5391089	-5.731815	1.8453009	2.057686	50.071934	-15.402532	1.3517426	4.27771	204.88882	1e-08	1.9939681	4.248428	81.657166	-13.087093	1.3881689	0.0008101754	0.0008209358	0.061007228	0.21467619	1.5721564e-05	-6.3357177	0.0018119286	1.153232e-14	-18.420683	3.8220287e-13	-1.9939681	21.473026	703.6345	18798.595440149307
28	0.9161036	1.9465644	6.5256524	-1.4484562	1.0003616	1.4936891	6.2318497	-1.1066792	18.73077	56.891636	375.0	0.0	24.55	76.6619	394.0	0.0	1000.0	1000.0	0.61538464	0.475	35826.0	0.024707586206896552	1400004.0	-1.1691406	0.4784251	0.7683018	-6.733003	-1.1691396	0.47841412	0.6238885	-6.6371083	1.8353775	2.1133301	62.78793	-26.065395	1.4147409	4.330702	160.16449	1e-08	2.0034437	4.356261	81.30422	-10.811339	1.4605439	0.0008290016	0.0008367587	0.06482506	0.22434813	-1.4681692e-05	-6.312095	0.0018552574	1.05271355e-14	-18.420683	3.658763e-13	-2.0034437	19.86052	705.30115	19503.83634495735
29	0.9493299	1.7675261	7.704147	-1.5874768	0.68759954	1.6746451	7.196054	-2.2332916	50.4375	140.04834	882.0	0.0	56.5	181.73868	839.0	0.0	1000.0	1000.0	0.5208333	0.475	38247.0	0.025498	1450004.0	-1.1651874	0.4985177	0.7973617	-5.8398023	-1.1651886	0.49851948	0.7457273	-6.0576105	1.8268709	2.2177844	53.84375	-32.171352	1.5150256	4.60325	155.39105	1e-08	1.9699668	4.426888	104.70324	-12.255558	1.5577898	0.0008850404	0.0008833819	0.068879046	0.2353699	7.402664e-05	-6.2718015	0.0019720122	1.0237009e-14	-18.420683	3.509205e-13	-1.9699668	20.85537	708.9394	20212.7930560112
30	0.79629797	1.638404	6.4402494	-1.5405121	0.53793633	1.1553761	3.515775	-0.8355303	11.019231	53.983078	361.0	0.0	38.075	153.85323	905.0	0.0	1000.0	1000.0	0.5576923	0.4	38820.0	0.025045161290322582	1500004.0	-1.232483	0.5395166	0.5319431	-7.7664585	-1.2324854	0.53952336	0.40959132	-7.4551535	1.8282707	2.240498	43.47013	-17.087914	1.5130072	4.7279863	220.75914	1e-08	1.9860469	4.4025173	98.3906	-14.035929	1.6548858	0.0011246884	0.0011183141	0.06652203	0.23072352	3.9958122e-05	-6.321654	0.0018556885	9.356283e-15	-18.420683	3.3730804e-13	-1.9860469	20.918816	703.18134	20916.75585246086
31	0.77524734	1.4243652	5.193329	-1.8879931	1.261987	1.9553702	7.816487	-0.8179182	34.979168	99.59219	491.0	0.0	22.35	70.320175	381.0	0.0	1000.0	1000.0	0.5	0.625	40522.0	0.02532625	1550004.0	-1.2716922	0.53771394	0.2936517	-11.181644	-1.2716926	0.53769827	0.34606606	-12.227878	1.825513	2.293179	42.52562	-22.678144	1.5821434	5.1039205	310.8889	1e-08	1.9791222	4.3982844	113.42567	-12.539013	1.7296319	0.0011607015	0.0011723932	0.068373166	0.23481809	4.442008e-05	-6.3730454	0.0017860881	9.229489e-15	-18.420683	3.2527377e-13	-1.9791224	21.125084	709.6918	21625.678512334824
32	0.95560896	1.5304842	5.7631145	-0.9079292	0.5532712	1.2627198	6.41384	-0.7838959	21.326923	104.48201	720.0	0.0	83.375	221.93407	886.0	0.0	1000.0	1000.0	0.5576923	0.35	41608.0	0.025216969696969696	1600004.0	-1.3048356	0.5904977	0.50265986	-16.497509	-1.3048352	0.59044117	0.33104175	-16.271023	1.819146	2.3161817	51.892982	-33.644543	1.6225041	4.987651	314.4381	1e-08	1.960965	4.3298306	78.56149	-12.691331	1.77404	0.0014655405	0.0014968717	0.06965244	0.23807918	7.2213e-05	-6.3536263	0.001795705	8.891741e-15	-18.420683	3.140041e-13	-1.960965	21.122194	705.9391	22331.483838558197
33	1.0903522	2.0489495	7.8334064	-1.8995636	0.34317288	1.8353472	5.612765	-2.9179134	22.416666	65.38311	256.0	0.0	15.4	83.46579	535.0	0.0	1000.0	1000.0	0.6875	0.475	42684.0	0.025108235294117646	1650004.0	-1.377173	0.6520919	0.6005761	-14.818697	-1.3771728	0.6520847	0.55593634	-15.601137	1.813641	2.2713368	61.6944	-22.985914	1.6382499	4.867205	208.68336	1e-08	1.9913112	4.372029	106.32111	-13.153279	1.7057166	0.0015962042	0.0016006579	0.06893727	0.23390736	1.661501e-05	-6.360875	0.0017704164	9.7896265e-15	-18.420683	3.018723e-13	-1.9913112	21.270597	702.7692	23034.324336767197
34	0.43145388	1.2291107	3.6252916	-1.4359729	0.19450518	1.3001602	4.5347924	-2.790785	30.307692	72.24146	403.0	0.0	46.6	169.85051	898.0	0.0	1000.0	1000.0	0.32692307	0.325	44260.0	0.025291428571428572	1700004.0	-1.408008	0.65787905	0.24208248	-14.736991	-1.4080087	0.65785605	0.22439617	-15.000428	1.8274959	2.3132925	58.129192	-19.933823	1.5832431	4.52051	231.29515	1e-08	1.9676697	4.362945	80.17162	-13.685025	1.6995221	0.0014768157	0.001487532	0.06936696	0.23754688	6.240274e-05	-6.365528	0.0018071976	1.0463758e-14	-18.420683	2.898841e-13	-1.96767	21.0657	711.89935	23746.303760766983
35	0.8828106	1.2958217	5.4467845	-1.1565752	0.6904103	1.1928468	4.4299417	-0.9345589	7.3125	23.325733	119.0	0.0	58.575	147.42317	678.0	0.0	1000.0	1000.0	0.5625	0.45	44611.0	0.02478388888888889	1750004.0	-1.3727497	0.63511217	0.8047385	-14.7117405	-1.3727497	0.6350953	0.8693688	-14.582493	1.8518568	2.2756648	53.45118	-22.83875	1.4987186	4.252301	253.61166	1e-08	2.0060523	4.5495095	85.449814	-13.208735	1.6853964	0.0013009418	0.0013145227	0.06916417	0.23786011	-5.9118843e-06	-6.287693	0.0019228469	9.266069e-15	-18.420683	2.790723e-13	-2.0060518	21.431053	706.3904	24452.574615478516
36	1.0556144	1.784856	6.0146327	-1.0638049	0.53602594	1.8501401	7.3831687	-2.994246	19.846153	72.55777	500.0	0.0	5.5	31.01532	198.0	0.0	1000.0	1000.0	0.63461536	0.45	45643.0	0.02467189189189189	1800004.0	-1.3472131	0.6071163	1.0770268	-12.148905	-1.3472123	0.60710347	1.2012333	-12.106278	1.8604487	2.058349	47.694843	-21.787832	1.4535486	4.398883	218.02495	1e-08	1.9860551	4.401529	81.606094	-11.875888	1.2627264	0.0012599	0.0012762314	0.06404436	0.22126028	3.205454e-05	-6.195973	0.0020853013	1.14121325e-14	-18.420683	2.674844e-13	-1.9860547	21.1306	705.4013	25157.99928331375
37	0.48282704	1.6060289	6.721407	-3.1018422	1.2468865	1.9822928	7.4801197	-1.3605465	17.666666	75.57263	502.0	0.0	12.85	49.273495	311.0	0.0	1000.0	1000.0	0.45833334	0.725	46491.0	0.024468947368421052	1850004.0	-1.3147339	0.5834153	0.48999923	-11.818777	-1.3147347	0.5833854	0.65860885	-11.81616	1.8601762	2.0220716	48.27301	-16.352842	1.5163913	4.5866375	169.33853	1e-08	1.9875425	4.2660875	94.83087	-10.419304	1.3128685	0.0011259214	0.0011365219	0.062033985	0.2180278	2.8766428e-05	-6.304835	0.0018581329	9.818094e-15	-18.420683	2.564721e-13	-1.9875422	21.23834	700.66925	25858.893585205078
38	0.762898	1.6032995	5.7163653	-1.2348758	1.2172716	1.6294731	4.927147	-0.9923494	23.903847	79.698296	528.0	0.0	29.4	118.128494	621.0	0.0	1000.0	1000.0	0.5	0.65	47734.0	0.024478974358974358	1900004.0	-1.2238665	0.5206548	0.1346283	-12.382292	-1.2238674	0.5206432	0.4296245	-12.088318	1.8062599	2.0269945	46.113903	-23.390577	1.7499624	5.249515	243.15968	1e-08	1.983239	4.1996145	81.77433	-12.67812	1.2148346	0.0009572703	0.00096469116	0.06335111	0.21612875	3.3216034e-05	-6.344934	0.001787911	9.641661e-15	-18.420683	2.46539e-13	-1.9832387	21.124163	703.9958	26562.856129169464
39	0.7027661	1.8761908	8.718471	-2.2422633	0.7564486	1.4378955	5.2804823	-1.7927898	41.645832	82.4256	362.0	0.0	58.5	186.45709	912.0	0.0	1000.0	1000.0	0.5	0.55	49750.0	0.024875	1950004.0	-1.1975999	0.5018162	0.6031454	-10.83334	-1.1975985	0.5017934	0.36452407	-11.364649	1.7743803	2.0368512	56.706318	-12.182418	1.8056043	5.2433743	330.34326	1e-08	1.9761897	4.164832	96.664665	-12.483813	1.1469342	0.0010597302	0.0010731198	0.06388285	0.21609099	4.0137187e-05	-6.440962	0.0016435736	9.616379e-15	-18.420683	2.3718516e-13	-1.9761897	20.600643	704.8331	27267.653564691544
40	1.5791206	2.6198785	11.665263	-1.688674	1.8089844	2.6104548	11.075513	-1.195476	27.692308	69.389244	329.0	0.0	5.35	13.497315	64.0	0.0	1000.0	1000.0	0.9423077	1.1	51173.0	0.024962439024390243	2000004.0	-1.1885883	0.49151093	0.6961812	-16.276844	-1.1885885	0.49150014	1.1129134	-16.383677	1.8112106	1.9854255	57.715996	-21.975004	1.6520355	5.02154	318.5035	1e-08	1.9739329	4.250706	103.942	-15.244208	1.353936	0.0011615796	0.0011716296	0.06377579	0.21515942	3.6741112e-05	-6.5590177	0.0014635419	6.917491e-15	-18.420683	2.296545e-13	-1.973933	20.903746	707.8998	27976.754462718964
41	1.6633091	2.8883858	15.958097	-1.0716212	1.3074495	2.0010788	8.744177	-1.0541949	25.375	64.26269	295.0	0.0	14.1	69.8741	447.0	0.0	1000.0	1000.0	0.9166667	0.675	52405.0	0.024954761904761903	2050004.0	-1.1610067	0.464782	1.1349964	-16.188745	-1.1610086	0.46477863	1.0998969	-16.882368	1.8159097	2.0226455	61.26573	-18.010336	1.6322004	4.861608	337.7534	1e-08	1.9919803	4.2362294	110.67816	-12.940037	1.4766904	0.0010241516	0.0010293184	0.06497165	0.21728137	1.4570774e-05	-6.541352	0.0014892608	5.6078354e-15	-18.420683	2.239349e-13	-1.9919803	21.186766	707.6212	28683.042068958282
42	1.0215231	1.6506824	4.625478	-1.7380577	0.66949654	1.4820542	6.0118585	-1.0694003	24.134615	79.02215	542.0	0.0	19.425	116.24261	745.0	0.0	1000.0	1000.0	0.61538464	0.475	53646.0	0.024951627906976744	2100004.0	-1.0828258	0.43070626	1.4655802	-14.173583	-1.0828221	0.43069598	1.4325278	-14.53194	1.8167833	2.0188873	60.93202	-12.438595	1.6416374	5.0208154	474.95255	1e-08	1.9956031	4.193374	85.64424	-13.103445	1.4313381	0.0009163189	0.000912933	0.064047195	0.21447276	9.656103e-06	-6.6275177	0.0013503219	5.1081097e-15	-18.420683	2.1930531e-13	-1.9956031	21.132977	703.8544	29386.89587187767
43	1.4457256	2.1463308	8.202476	-1.0227027	0.88068074	1.5267221	6.002511	-0.81414896	8.4375	22.283127	111.0	0.0	14.575	62.396267	337.0	0.0	1000.0	1000.0	0.7916667	0.6	54204.0	0.02463818181818182	2150004.0	-1.0123256	0.41538173	0.8842697	-14.210331	-1.0123264	0.41535023	0.8718836	-13.791769	1.8705113	1.9863814	56.097893	-12.648133	1.4381537	4.7172356	478.2627	1e-08	2.0014017	4.3286433	82.84914	-14.198975	1.2488971	0.00089944724	0.0009041211	0.060021143	0.20960313	-4.7122885e-06	-6.631343	0.0013586761	5.6788507e-15	-18.420683	2.1455958e-13	-2.0014017	21.454002	706.29736	30093.35030579567
44	1.7646433	2.6838963	9.212704	-0.76107794	1.9552538	2.6943753	14.290683	-1.4438698	21.115385	54.712063	280.0	0.0	33.475	103.50507	573.0	0.0	1000.0	1000.0	0.9230769	1.025	55149.0	0.024510666666666667	2200004.0	-0.97602767	0.41347167	1.2345386	-15.332888	-0.97602874	0.41348943	1.2332088	-15.325115	1.8923826	1.9832538	47.24186	-15.386132	1.3705732	4.729663	480.21924	1e-08	1.9462374	4.453704	100.53453	-11.169373	1.229809	0.0010627294	0.0010555784	0.060659308	0.21007667	7.071902e-05	-6.677384	0.0013482992	5.325338e-15	-18.420683	2.0982582e-13	-1.9462377	21.322626	706.37024	30799.584835767746
45	1.6742378	2.1086185	7.8433714	-1.3550441	2.1019492	2.8390064	12.24005	-0.8800327	25.833334	82.89008	552.0	0.0	41.125	126.18383	723.0	0.0	1000.0	1000.0	0.9583333	1.025	56440.0	0.02453913043478261	2250004.0	-0.9662948	0.41801915	1.2446579	-18.881453	-0.9662925	0.4180464	1.0817792	-19.609684	1.8982822	1.9691502	51.624542	-16.873194	1.3265333	4.7475567	511.7736	1e-08	1.9925703	4.1727777	78.57764	-13.438807	1.2020737	0.001037383	0.0010441464	0.061013125	0.2108016	2.0955904e-05	-6.5486465	0.001484835	5.355015e-15	-18.420683	2.0544483e-13	-1.9925702	21.126564	710.77454	31510.42098736763
46	2.207937	2.94081	14.022248	-1.0028893	2.612011	3.5980887	12.028226	-1.0552735	20.826923	54.098812	217.0	0.0	45.3	116.22956	588.0	0.0	1000.0	1000.0	1.1538461	1.325	57472.0	0.024456170212765957	2300004.0	-0.93030256	0.40852782	1.0191472	-13.034666	-0.93030596	0.40853915	1.0261668	-13.682135	1.8944565	1.9572933	49.806805	-11.70148	1.3466313	4.872936	557.697	1e-08	1.99494	4.217164	83.58438	-11.543836	1.1347351	0.0009205179	0.0009117026	0.060431033	0.20826238	9.0013245e-06	-6.5068254	0.0015267491	5.4511072e-15	-18.420683	2.009995e-13	-1.9949402	21.59241	714.02	32224.483164787292
47	1.8659576	2.936542	16.671566	-1.1257877	1.462055	2.5716023	14.202655	-0.77813137	33.208332	134.48776	920.0	0.0	48.15	155.12714	938.0	0.0	1000.0	1000.0	0.9583333	0.7	59079.0	0.02461625	2350004.0	-0.9275446	0.44092947	1.2526422	-25.351963	-0.9275413	0.4410271	0.93013597	-25.44181	1.9019215	1.9388518	40.71792	-14.408043	1.359899	5.0577354	533.62335	1e-08	1.9760756	4.1594872	82.25034	-13.024961	1.1295679	0.0013110714	0.0012865723	0.06157531	0.20912032	3.643676e-05	-6.576799	0.0014367045	5.2528227e-15	-18.420683	1.9662409e-13	-1.9760756	21.14891	705.45404	32929.892166376114
48	1.6788818	2.4417713	11.871397	-1.000459	1.734821	3.0325856	13.237489	-1.1466093	33.46154	68.41965	353.0	0.0	26.1	102.58651	642.0	0.0	1000.0	1000.0	0.84615386	0.85	60806.0	0.02481877551020408	2400004.0	-0.9872966	0.4987627	1.5164957	-24.701065	-0.98729944	0.4987855	1.4845047	-27.079432	1.8883547	1.8708546	48.549965	-13.014994	1.402406	5.203474	502.66068	1e-08	1.9876199	4.051608	84.730644	-11.800526	1.074534	0.0014947726	0.0015235376	0.06133882	0.20305766	2.2544607e-05	-6.4923363	0.0015473091	5.6595574e-15	-18.420683	1.9242222e-13	-1.9876196	21.09216	705.58905	33635.393426179886
49	1.4788536	2.4152558	10.986801	-0.714411	1.3471699	2.1787136	8.2660885	-0.9422848	51.875	147.48933	829.0	0.0	36.6	148.55803	940.0	0.0	1000.0	1000.0	0.7291667	0.7	63296.0	0.0253184	2450004.0	-1.0324286	0.50170463	2.2730749	-19.864077	-1.0324286	0.50160396	1.7157071	-19.222313	1.8693162	1.8192481	52.943275	-10.4521	1.4722681	5.039037	394.11002	1e-08	1.9907835	4.0060663	99.666046	-11.600155	1.2257243	0.001305459	0.0013436816	0.059310086	0.19768308	1.7654726e-05	-6.53545	0.0014811417	4.481229e-15	-18.420683	1.8860369e-13	-1.9907835	21.124575	707.2572	34342.63350605965
50	1.6190192	1.9262754	9.026603	-0.55700886	2.5980241	3.329677	17.629635	-0.28754485	38.826923	101.09909	455.0	0.0	49.025	135.57884	600.0	0.0	1000.0	1000.0	0.78846157	1.275	65315.0	0.02561372549019608	2500004.0	-1.0045986	0.48788	1.9617296	-15.979571	-1.0045978	0.48790357	2.443395	-16.557077	1.898607	1.8397517	47.84782	-11.617159	1.4198962	4.868238	291.93906	1e-08	1.9873297	4.0525494	100.832565	-12.880448	1.2213094	0.0010935552	0.0010932673	0.05820743	0.1974955	1.7529399e-05	-6.604579	0.0013984515	4.248247e-15	-18.420683	1.853344e-13	-1.9873297	20.4444	708.6854	35052.148995637894
51	2.2140796	2.4941475	9.5567875	-0.9268628	0.79142785	1.2780269	5.477509	-0.5645234	28.875	121.58528	837.0	0.0	29.2	77.20985	328.0	0.0	1000.0	1000.0	1.1041666	0.475	66878.0	0.025722307692307694	2550004.0	-0.9767395	0.4891738	0.74628013	-15.897075	-0.976739	0.48923352	0.8159521	-15.06932	1.9243221	1.7919483	54.07036	-11.467354	1.4010555	4.791034	265.75174	1e-08	1.9926782	4.0841126	79.135925	-13.801512	1.2657473	0.0011834825	0.0011734139	0.055544242	0.19155401	1.2725227e-05	-6.6618457	0.0013072448	3.3708303e-15	-18.420683	1.8262658e-13	-1.9926782	20.942184	717.989	35769.380726099014
52	1.3494257	1.6689141	9.482997	-1.3926243	1.7157913	2.349626	7.6670184	-1.5114084	41.557693	110.83398	539.0	0.0	26.9	124.803	801.0	0.0	1000.0	1000.0	0.6923077	0.875	68862.0	0.02598566037735849	2600004.0	-0.9519628	0.47481883	0.62984836	-16.790089	-0.95196205	0.4748305	0.6150232	-16.602983	1.9537375	1.659403	73.18646	-12.2171	1.297008	4.3891077	220.87956	1e-08	1.996388	3.8938675	100.49515	-12.030134	1.3181254	0.0011277777	0.0011381134	0.049392875	0.17370461	8.460683e-06	-6.741226	0.001201684	2.0805696e-15	-18.420683	1.8061876e-13	-1.996388	21.14254	706.2964	36475.69449663162
53	1.4334289	2.4605286	10.84316	-1.4252902	2.122424	2.5445013	13.240358	-0.69339854	29.520834	93.611786	530.0	0.0	49.75	158.3281	834.0	0.0	1000.0	1000.0	0.7291667	1.15	70321.0	0.026044814814814816	2650004.0	-0.84547454	0.38804808	0.8176283	-8.868708	-0.8454734	0.388036	1.1149397	-8.59042	1.9677091	1.541789	49.46205	-19.51353	1.2611127	4.5784764	226.27562	1e-08	1.9930413	3.859835	95.223625	-12.507804	1.216761	0.0008345579	0.00084218854	0.04569266	0.16367981	1.0564909e-05	-6.8830104	0.0010421106	1.4551397e-15	-18.420683	1.7941943e-13	-1.9930414	21.22429	706.7825	37182.44603705406
54	1.8503609	2.5946052	12.868595	-1.2394298	1.5013297	2.554715	13.306661	-1.381265	34.634617	89.20505	432.0	0.0	19.95	74.71946	453.0	0.0	1000.0	1000.0	1.0576923	0.825	72080.0	0.02621090909090909	2700004.0	-0.72732943	0.35166204	1.1713045	-8.502951	-0.7273302	0.35165492	1.029055	-9.615604	1.9840909	1.5353718	43.94762	-17.798677	1.2285243	4.8413086	260.1723	1e-08	1.9855859	4.1524124	83.32853	-11.910573	1.1880038	0.00068044465	0.0006821826	0.046147104	0.16691552	1.5999727e-05	-6.952965	0.000976981	8.362472e-16	-18.420683	1.7845949e-13	-1.9855859	21.014687	704.8711	37887.43765711784
55	2.7913907	3.417201	13.545571	-1.1061982	2.6893902	3.6167986	14.890197	-0.6845161	15.729167	58.10183	370.0	0.0	21.575	82.37593	522.0	0.0	1000.0	1000.0	1.4583334	1.325	72839.0	0.02601392857142857	2750004.0	-0.6370149	0.3359956	2.3200426	-8.374662	-0.6370153	0.3359827	2.0857673	-8.26856	1.9914536	1.5337769	50.949642	-21.196167	1.1624428	4.3852053	233.04578	1e-08	1.9757237	4.214654	76.38365	-12.571764	1.0787779	0.00067440246	0.00067568885	0.046011798	0.16595203	2.6022777e-05	-7.0178113	0.00092598586	9.365391e-16	-18.420683	1.7785675e-13	-1.9757237	21.293175	705.81	38593.10380411148
56	5.1855416	5.539047	23.905561	-0.6446184	1.9780037	2.4584143	9.6608515	-1.1571463	8.519231	14.12103	55.0	0.0	19.475	73.80989	468.0	0.0	1000.0	1000.0	2.7115386	1.15	73278.0	0.025711578947368422	2800004.0	-0.5913338	0.3535172	2.6720045	-9.319935	-0.59133565	0.3535476	2.6301508	-9.550547	1.9946344	1.4026664	59.64491	-14.287937	1.1370543	4.090238	212.82355	1e-08	1.9893067	4.081952	84.64962	-12.647726	0.93225294	0.0007933524	0.0007830064	0.04200897	0.15451501	9.767434e-06	-7.0858426	0.00086379104	1.099216e-15	-18.420683	1.772005e-13	-1.9893066	21.286594	718.5922	39311.640266895294
57	3.556944	4.2555995	21.023827	-1.6149849	3.735234	3.5131705	11.9174185	-0.39215994	16.208334	46.95874	306.0	0.0	17.825	58.83872	364.0	0.0	1000.0	1000.0	1.8333334	1.9	74135.0	0.025563793103448276	2850004.0	-0.5564566	0.33514348	1.4784452	-8.504078	-0.55645585	0.3351525	1.4871895	-8.398636	1.9807885	1.4132829	51.70218	-12.641106	1.1419724	4.1325865	250.54158	1e-08	2.0106199	4.177858	95.80058	-14.591696	0.82079506	0.0006420451	0.0006414877	0.042825103	0.15790838	-1.0477898e-05	-6.9868407	0.0009476291	1.6787882e-15	-18.420683	1.7605574e-13	-2.0106199	21.142635	706.70886	40018.46483540535
58	4.118531	4.3077054	17.972677	-0.6243875	5.3161163	5.2735515	23.25609	-0.7728052	29.788462	87.52567	531.0	0.0	28.2	63.345165	374.0	0.0	1000.0	1000.0	2.1346154	2.7	75605.0	0.025628813559322033	2900004.0	-0.5135265	0.32266182	2.226921	-5.9187117	-0.51352656	0.32268947	2.4475183	-6.150321	2.003646	1.4420422	45.45941	-14.124773	1.0541418	3.9693422	281.63446	1e-08	1.9847572	4.3286967	133.24857	-11.861886	0.8473709	0.00059743325	0.0005956531	0.042577725	0.15858051	1.8964956e-05	-6.9094825	0.0010145135	1.2041644e-15	-18.420683	1.751766e-13	-1.9847573	21.112432	709.16614	40727.51544046402
59	4.8383217	4.013592	20.085476	-0.61103976	5.242392	6.3802547	24.905588	-0.49184853	18.083334	34.68359	202.0	0.0	20.55	84.016655	538.0	0.0	1000.0	1000.0	2.4166667	2.625	76508.0	0.025502666666666667	2950004.0	-0.49052718	0.3240123	1.7676277	-8.077827	-0.49052587	0.32404137	1.6603762	-7.6019287	2.0102522	1.3895679	42.322784	-12.096313	1.0470043	4.0462174	204.04988	1e-08	1.9749794	4.186333	85.12933	-13.201571	0.895377	0.0006762464	0.0006648552	0.03899112	0.15048885	2.5403986e-05	-7.053157	0.00088979246	4.3809338e-16	-18.420683	1.7457083e-13	-1.9749792	21.46019	707.59485	41435.30910158157
60	4.539586	4.278726	17.10245	-0.84572774	4.532517	5.0045133	18.493696	-0.5285918	29.442308	66.03595	399.0	0.0	25.4	69.0814	391.0	0.0	1000.0	1000.0	2.2692308	2.325	78004.0	0.025575081967213115	3000004.0	-0.45492202	0.32667848	1.7342145	-7.4469004	-0.45492327	0.3266798	1.8963339	-7.4194837	2.0180416	1.4136428	37.705288	-13.412197	1.0175151	3.9040375	243.24333	1e-08	1.9907241	4.025052	87.3874	-12.847735	0.970615	0.000672896	0.0006768647	0.039037053	0.14979073	9.8982955e-06	-7.066815	0.00087621436	-1.8407341e-16	-18.420683	1.7445833e-13	-1.9907241	21.075233	708.92114	42145.31952881813
61	4.3294744	4.1978602	17.047766	-0.20416895	2.89955	4.0261526	20.270239	-0.61029714	15.625	32.67174	155.0	0.0	18.325	39.873795	173.0	0.0	1000.0	1000.0	2.2083333	1.525	78779.0	0.02541258064516129	3050004.0	-0.45351362	0.3618148	1.6968743	-7.591639	-0.45351166	0.36181828	1.7765911	-7.498598	2.0082154	1.383042	41.783203	-15.304463	1.0075195	3.856012	211.02534	1e-08	1.9955225	3.95752	79.698364	-11.543747	0.900686	0.00082071015	0.0008205223	0.038433846	0.14808828	5.4416823e-06	-6.9702573	0.0009573076	1.4278752e-16	-18.420683	1.7457121e-13	-1.9955225	21.632812	713.1214	42857.28280830383
62	4.773503	4.9575973	22.181585	-1.1213384	3.868344	5.00985	19.525743	-0.333968	16.557692	44.677223	290.0	0.0	22.475	71.68751	452.0	0.0	1000.0	1000.0	2.4230769	2.0	79615.0	0.025274603174603175	3100004.0	-0.4542282	0.35130033	3.6977613	-8.611808	-0.4542303	0.35131443	3.6861706	-9.831465	1.9881281	1.3962258	46.089024	-10.46033	1.0778829	4.0815415	227.75029	1e-08	1.9886314	3.9880738	69.96892	-12.667063	0.84942603	0.0008003017	0.00079983147	0.039589785	0.15187132	1.25026645e-05	-6.9347014	0.0009902281	5.2993944e-16	-18.420683	1.743241e-13	-1.9886316	21.297598	714.43634	43571.81397509575
63	3.758173	3.7078514	14.458264	-0.4322635	4.9574337	5.288053	20.86317	-0.3152792	26.3125	66.7786	377.0	0.0	18.7	30.690554	151.0	0.0	1000.0	1000.0	1.9166666	2.55	80934.0	0.025291875	3150004.0	-0.41148356	0.34362468	4.7095613	-12.147137	-0.4114838	0.34362882	4.6424127	-12.273639	1.9639847	1.4332762	36.222057	-10.678476	1.1816491	4.3828297	259.86212	1e-08	1.9969512	4.04771	90.56441	-12.051889	0.9290925	0.00077551696	0.00076819793	0.040219232	0.15231194	4.6524133e-06	-6.9850473	0.00093904365	-1.6396943e-16	-18.420683	1.7415716e-13	-1.9969511	21.348486	707.3149	44279.00132513046
64	4.8486485	4.818752	20.50228	-0.8149557	4.5933123	5.2328386	20.856192	-0.6252123	28.01923	54.105133	296.0	0.0	76.375	203.88423	793.0	0.0	1000.0	1000.0	2.5	2.3	82335.0	0.025333846153846155	3200004.0	-0.37622243	0.350111	3.5171838	-13.979472	-0.37622142	0.35010615	3.1964257	-14.437947	1.9618323	1.4247574	40.226837	-9.750441	1.1570296	4.5112286	246.08522	1e-08	1.9956071	3.963293	99.99106	-14.077458	0.8537945	0.0008072983	0.0008119102	0.039536767	0.15121008	7.581716e-06	-6.932156	0.0009947843	1.0589088e-16	-18.420683	1.7418517e-13	-1.9956074	20.929266	707.7695	44986.712005376816
65	4.96257	4.741719	15.996037	-1.3927094	5.2476206	4.276141	16.39843	-0.67771834	35.020832	104.99176	649.0	0.0	74.075	184.73701	810.0	0.0	1000.0	1000.0	2.5208333	2.725	84108.0	0.025487272727272726	3250004.0	-0.387441	0.37581053	1.5340075	-14.413865	-0.3874406	0.37583548	1.573138	-13.600612	1.9696058	1.4628706	42.347275	-9.863664	1.1463686	4.427516	219.71361	1e-08	1.9830681	4.0879064	102.03311	-14.188048	0.92934525	0.000988198	0.0009716738	0.040381633	0.15455842	1.6908036e-05	-7.0075316	0.0009255608	-1.8519626e-16	-18.420683	1.7419069e-13	-1.9830685	21.076973	708.2625	45694.93920969963
66	5.144639	6.3751497	22.044497	-0.3966642	5.1424165	5.9881206	22.561712	-0.54991406	19.653847	50.46091	295.0	0.0	17.175	48.29332	280.0	0.0	1000.0	1000.0	2.6346154	2.675	85038.0	0.0253844776119403	3300004.0	-0.38573578	0.3878169	1.5285943	-11.7258835	-0.3857382	0.38778675	1.7069775	-10.881485	1.9776556	1.4699417	43.100704	-14.57827	1.1190193	4.2899404	236.38118	1e-08	2.0031624	4.034129	77.36445	-12.831005	1.0122143	0.0010077389	0.0010085844	0.041807022	0.15773334	-7.664263e-07	-6.986358	0.000941372	-7.938995e-16	-18.420683	1.7455449e-13	-2.0031621	21.055332	714.15674	46409.22543525696
67	5.8417087	5.1045575	19.725897	-1.0902092	5.8911047	5.4651995	20.873829	-0.4668911	19.958334	42.4735	273.0	0.0	37.025	118.09836	720.0	0.0	1000.0	1000.0	3.0416667	2.975	86014.0	0.025298235294117646	3350004.0	-0.39619976	0.38441223	1.469066	-12.625899	-0.3961972	0.38447	1.4561477	-13.783884	1.9638675	1.4995586	61.438843	-18.06199	1.1751179	4.4686766	289.04755	1e-08	1.9886357	4.0752487	81.83722	-13.153586	0.9764177	0.00096194353	0.0009641771	0.043008372	0.16199316	1.19767265e-05	-6.9932113	0.0009427153	-3.219071e-16	-18.420683	1.7509217e-13	-1.9886354	21.405146	713.9163	47123.047214984894
68	5.4051666	4.87292	19.367977	-0.4856848	4.515081	5.161131	19.934633	-0.5024099	47.21154	107.73013	594.0	0.0	16.2	45.485825	223.0	0.0	1000.0	1000.0	2.7115386	2.475	88451.0	0.025637971014492753	3400004.0	-0.3957204	0.40409362	1.3868229	-10.143076	-0.3957168	0.40407565	1.381964	-9.787162	1.9637464	1.5511156	51.132935	-11.43071	1.1664494	4.649108	264.77292	1e-08	1.9898472	4.024071	87.14499	-13.438455	1.0398107	0.0009865349	0.0010064648	0.044275988	0.16746832	1.2519691e-05	-6.8798776	0.0010691637	-5.72112e-16	-18.420683	1.7521623e-13	-1.9898472	20.901352	708.05054	47831.138573646545
69	5.0450897	4.8705926	19.0262	-0.51587224	4.706572	5.259671	20.467724	-0.7989832	42.645832	79.39471	329.0	0.0	58.0	179.92554	929.0	0.0	1000.0	1000.0	2.5833333	2.55	90509.0	0.025859714285714284	3450004.0	-0.39705223	0.40008906	1.4634678	-15.093615	-0.3970574	0.40000975	1.4968264	-15.7093935	1.9583337	1.5681815	59.93362	-11.358299	1.140855	4.619752	227.86339	1e-08	1.9897525	4.037511	100.14353	-12.028515	0.93567544	0.0009168573	0.0009349376	0.04683627	0.17357677	1.5185842e-05	-6.8059025	0.0011192993	2.7599923e-16	-18.420683	1.7541474e-13	-1.9897525	19.950478	708.28784	48539.32522344589
70	4.4426203	4.242136	17.756968	-0.52710325	5.558281	5.031378	19.230593	-0.46698296	43.0	135.7577	843.0	0.0	28.2	105.77103	676.0	0.0	1000.0	1000.0	2.2307692	2.825	92734.0	0.02612225352112676	3500004.0	-0.39525	0.40072468	1.4791336	-22.736765	-0.39524716	0.4009393	1.450361	-19.842339	1.9631519	1.5560043	54.52176	-10.445337	1.1695026	4.805383	212.05542	1e-08	1.9774308	4.10969	90.48236	-12.79991	1.0286316	0.0011048483	0.0010541882	0.047107242	0.1738114	2.8978817e-05	-6.7984138	0.001136316	-4.0063155e-16	-18.420683	1.7540768e-13	-1.9774309	19.192024	708.8989	49248.90602135658
71	6.509806	5.857677	22.91302	-0.39535645	3.472506	4.253445	20.246208	-1.1911098	20.145834	29.220417	111.0	0.0	6.175	16.69564	93.0	0.0	1000.0	1000.0	3.3125	1.775	93754.0	0.02604277777777778	3550004.0	-0.3721968	0.39545733	1.6973859	-16.732986	-0.37220016	0.3954589	1.757304	-18.927053	1.9492303	1.6011305	56.721523	-12.886396	1.205372	5.0134225	236.97328	1e-08	1.980973	4.0023966	83.08658	-10.891318	0.9642825	0.0009010393	0.0009121898	0.04993322	0.18124929	2.1636855e-05	-6.858548	0.001074449	8.626893e-17	-18.420683	1.7549293e-13	-1.9809731	19.0783	714.28143	49962.661689043045
72	6.776482	5.8972707	20.441734	-1.106703	5.1552453	5.9525886	24.66431	-0.6223669	20.73077	35.380955	162.0	0.0	20.875	60.047974	376.0	0.0	1000.0	1000.0	3.4615386	2.7	94779.0	0.025966849315068492	3600004.0	-0.32002258	0.41356733	1.9950058	-37.40508	-0.32002	0.41344914	2.0393085	-36.01533	1.945847	1.6377132	42.865818	-18.532623	1.2433859	5.4064217	208.23586	1e-08	2.001125	3.9556549	75.88064	-13.294989	0.98898095	0.0011887535	0.0012026927	0.05184177	0.18510392	2.062075e-06	-6.844585	0.0010951549	-1.8231066e-16	-18.420683	1.7557802e-13	-2.001125	20.09732	710.2876	50672.88616514206
73	5.7778993	5.117814	18.89274	-1.2250121	2.797095	4.2668405	23.165504	-0.9611652	39.520832	68.70407	346.0	0.0	3.775	9.915865	40.0	0.0	1000.0	1000.0	2.9583333	1.5	96735.0	0.026144594594594596	3650004.0	-0.33522367	0.4314211	1.9558934	-47.899345	-0.3352267	0.43114674	2.0482476	-42.569656	1.9612504	1.6405212	57.17797	-21.38876	1.1894244	5.5824785	227.45705	1e-08	1.9963868	4.062563	105.33398	-12.2677965	1.0159103	0.0011792228	0.0013341643	0.052168585	0.18628381	5.0684116e-06	-6.9250636	0.0010034158	-3.2329543e-16	-18.420683	1.7572539e-13	-1.9963865	20.78712	715.8163	51388.70140647888
74	6.0898495	5.3768296	21.77902	-0.33989793	6.4888635	5.91584	22.107567	-0.07582723	23.942308	39.05096	147.0	0.0	18.3	33.849815	143.0	0.0	1000.0	1000.0	3.1538463	3.225	97921.0	0.02611226666666667	3700004.0	-0.3724749	0.45193997	2.019372	-80.648544	-0.37246913	0.45116413	2.0440562	-69.60155	1.9578018	1.6390066	41.44205	-21.26529	1.1808246	5.613785	217.29045	1e-08	1.9737993	4.1454077	85.85465	-13.148853	1.0437634	0.0024257815	0.002031241	0.051862177	0.18649137	3.6310008e-05	-6.767292	0.0011997507	-2.0417675e-16	-18.420683	1.7603806e-13	-1.9737996	21.43418	710.3505	52099.14958500862
75	5.9546776	4.85848	17.620941	-0.27814767	3.447836	3.4842358	12.923185	-0.36420572	27.041666	49.581562	264.0	0.0	9.675	20.722435	102.0	0.0	1000.0	1000.0	3.0208333	1.8	99254.0	0.026119473684210526	3750004.0	-0.4289258	0.4464524	1.8797582	-64.84288	-0.42892495	0.4458118	1.9132059	-63.526005	1.9450438	1.6818382	36.981842	-25.452848	1.2036881	5.6569014	230.00249	1e-08	1.996687	4.1784153	84.789215	-15.332345	1.081427	0.0015985157	0.0020052586	0.053519756	0.18901	6.4181995e-06	-6.6517215	0.001328096	1.423818e-16	-18.420683	1.7595604e-13	-1.9966868	21.037218	709.89343	52809.041007995605
76	5.9094143	5.6321316	20.636398	-0.22615853	5.7003074	6.243855	23.050423	-0.5424821	12.730769	21.938828	102.0	0.0	12.625	39.619873	251.0	0.0	1000.0	1000.0	2.9807692	2.9	99881.0	0.025943116883116884	3800004.0	-0.41933164	0.456959	2.0977662	-81.51279	-0.41933614	0.45644736	2.1199634	-79.664276	1.908086	1.762296	43.023174	-24.907017	1.312415	6.1041994	282.64807	1e-08	1.9651465	3.9921415	78.51135	-13.289265	1.0929674	0.0025268064	0.002268467	0.056385975	0.19493653	4.005751e-05	-6.6738043	0.0012923778	3.873249e-16	-18.420683	1.7576938e-13	-1.9651465	21.156918	716.8476	53525.75663924217
77	5.846514	6.0195923	26.461634	-0.1370896	6.4883666	5.984886	23.367674	-0.7831313	9.875	18.659924	108.0	0.0	18.75	37.679405	204.0	0.0	1000.0	1000.0	2.8958333	3.25	100367.0	0.025735128205128206	3850004.0	-0.41093644	0.4304951	1.6233946	-81.44383	-0.41093266	0.43003955	1.5936079	-63.5236	1.92349	1.7740139	39.309586	-11.215784	1.2593861	6.181731	321.62045	1e-08	2.0065882	4.050767	108.52263	-14.574231	1.1840656	0.001779541	0.0015418878	0.05520499	0.19323698	-1.18103024e-07	-6.7779927	0.0011716632	-2.8053297e-16	-18.420683	1.757597e-13	-2.0065885	21.463955	709.39484	54235.205003261566
78	8.154594	6.3277535	23.071304	0.038114976	6.5036163	7.182425	23.342865	-0.20796743	11.692307	18.217215	70.0	0.0	15.65	42.67174	260.0	0.0	1000.0	1000.0	4.076923	3.25	100963.0	0.025560253164556963	3900004.0	-0.35079852	0.4322283	1.7544466	-41.192368	-0.35079804	0.43200576	1.7118708	-39.383778	1.9197332	1.8125385	48.105133	-11.643199	1.2698464	6.319553	315.82816	1e-08	2.0000849	4.1561728	82.23196	-13.041417	1.1082939	0.0011317099	0.0011955694	0.057127334	0.19880772	2.1933413e-06	-6.694075	0.0012758815	-5.2950524e-17	-18.420683	1.7590658e-13	-2.000085	21.158836	716.9757	54952.31177544594
79	6.833033	5.18765	19.897522	0.9152739	7.0686846	7.0617843	22.707335	-0.55228573	37.916668	82.83287	423.0	0.0	20.625	55.4557	323.0	0.0	1000.0	1000.0	3.4166667	3.525	102783.0	0.02569575	3950004.0	-0.27630028	0.45370233	1.7582858	-43.113678	-0.2763012	0.4536644	1.8038902	-44.078472	1.9153072	1.8105389	56.370758	-8.975627	1.3310759	6.843697	336.43982	1e-08	1.9632176	4.1196885	87.80911	-12.727342	1.0810658	0.0014023819	0.0012466041	0.056585502	0.19620262	5.6827117e-05	-6.626756	0.001360498	-3.308797e-16	-18.420683	1.7592306e-13	-1.9632176	21.304161	709.6074	55661.75118517876
80	8.931214	5.855491	20.61127	-0.34989825	2.6790612	3.4141018	11.515703	-0.76031107	29.596153	83.45548	531.0	0.0	8.8	17.38994	67.0	0.0	1000.0	1000.0	4.5576925	1.35	104322.0	0.025758518518518517	4000004.0	-0.24012332	0.4602207	1.822253	-52.390438	-0.2401232	0.46054512	1.8378335	-49.027725	1.9129156	1.7973902	45.609493	-9.54443	1.2673099	6.388313	365.05435	1e-08	1.9975	4.032839	76.05122	-14.209574	1.0080143	0.001580826	0.0013639624	0.0579265	0.19744879	5.8357646e-06	-6.694351	0.0012664817	-1.6943401e-16	-18.420683	1.7610835e-13	-1.9974998	21.559702	711.60815	56374.339836120605
81	6.171205	5.7205076	19.8007	-0.9017415	7.6270905	6.4443088	23.416088	0.13453998	21.416666	41.23653	219.0	0.0	15.95	17.065975	73.0	0.0	1000.0	1000.0	3.1458333	3.875	105362.0	0.025698048780487804	4050004.0	-0.26351577	0.47108933	1.7071966	-37.672836	-0.2635169	0.47047132	1.7015002	-32.66975	1.9326525	1.7882551	58.287918	-9.310018	1.220098	6.439988	374.91663	1e-08	1.9980384	4.085461	78.36755	-12.876354	1.0514594	0.0011716868	0.0014378662	0.057926517	0.19729479	4.9999358e-06	-6.6619573	0.0012984328	-3.4899645e-16	-18.420683	1.7643958e-13	-1.9980383	20.987816	716.8494	57090.2908680439
82	6.987138	6.585799	21.927137	-0.54148626	7.538867	6.774583	22.662775	-1.5033753	31.692308	61.975662	362.0	0.0	15.0	24.318718	84.0	0.0	1000.0	1000.0	3.4615386	3.725	106998.0	0.02578265060240964	4100004.0	-0.20467435	0.48067078	1.8549918	-3.3708198	-0.20466918	0.4806658	1.8704407	-4.0422273	1.9296912	1.7728441	59.07994	-10.893994	1.2349654	6.456636	361.87924	1e-08	1.9810474	3.8688352	78.24551	-12.742731	0.9903124	0.0009962257	0.000992842	0.058405317	0.19720383	2.9100895e-05	-6.67794	0.0012841775	-3.7647046e-16	-18.420683	1.7660575e-13	-1.9810475	21.12604	713.08673	57803.3242316246
83	7.205048	5.5832295	19.89199	-0.2832611	6.880665	7.1296344	26.050734	-0.71374726	20.541666	33.985878	205.0	0.0	30.175	87.21923	507.0	0.0	1000.0	1000.0	3.5	3.475	108004.0	0.025715238095238097	4150004.0	-0.13456331	0.4822637	1.736017	-3.5513213	-0.13456383	0.48225814	1.7562481	-3.5994723	1.9246738	1.7731303	36.700928	-10.792688	1.2523688	6.663358	387.54037	1e-08	1.9914801	4.007351	70.38692	-13.107984	0.9470956	0.0010287095	0.0010305136	0.05914762	0.19723815	1.3555229e-05	-6.744561	0.0011942231	-5.8683904e-16	-18.420683	1.7700014e-13	-1.9914804	21.464512	712.22253	58515.5636279583
84	9.868291	6.608856	23.129377	-0.055196475	6.827605	6.0740094	20.276987	-0.20059559	40.25	97.45589	627.0	0.0	15.3	28.398237	157.0	0.0	1000.0	1000.0	4.9038463	3.4	110077.0	0.025900470588235296	4200004.0	-0.09432375	0.5097214	1.8014879	-5.2271094	-0.09432565	0.50972575	1.8552976	-5.1517305	1.9129734	1.7956043	43.303413	-25.145676	1.3390157	7.191211	415.39102	1e-08	1.9719629	4.06478	77.38739	-14.570156	0.9739431	0.0011571869	0.0011570668	0.06111098	0.19979271	3.632626e-05	-6.7927413	0.0011582552	-9.096964e-16	-18.420683	1.7748097e-13	-1.9719628	21.493286	720.3636	59235.847198963165
85	8.640985	5.694345	22.07439	-0.68658596	8.278745	7.423926	24.037643	-0.2436618	37.645832	104.95823	653.0	0.0	38.9	78.81522	385.0	0.0	1000.0	1000.0	4.3541665	4.2	111949.0	0.026034651162790697	4250004.0	-0.09292556	0.51180863	1.8003373	-4.307357	-0.09292436	0.51179904	1.8175061	-4.166227	1.9029827	1.8099135	66.016945	-11.49015	1.366953	7.331887	414.78278	1e-08	1.9965578	4.0228925	91.67761	-13.407507	0.91988343	0.0011933338	0.0011943892	0.060738623	0.20048504	1.4256237e-05	-6.613945	0.0013749488	-4.5160446e-16	-18.420683	1.7803834e-13	-1.9965578	21.338037	712.23145	59948.18626999855
86	8.622919	5.0927963	19.759165	0.3292313	8.430821	7.900462	24.45106	-0.29724523	17.403847	38.93943	247.0	0.0	17.975	37.9437	224.0	0.0	1000.0	1000.0	4.326923	4.225	112789.0	0.025928505747126438	4300004.0	-0.11977423	0.5204481	1.8033038	-9.30071	-0.11977918	0.5204494	1.7798717	-9.220809	1.9326484	1.7909139	46.311737	-12.866792	1.2272803	6.9106846	396.32358	1e-08	1.9950633	4.1982484	88.77976	-12.687108	0.96145976	0.0011668295	0.0011705931	0.06136128	0.20115699	7.635051e-06	-6.7094336	0.0012393821	-7.685723e-16	-18.420683	1.7851825e-13	-1.9950633	21.342407	719.0519	60667.314205646515
87	8.507074	6.766419	22.168512	-0.78760445	5.984603	6.2332873	20.603764	-1.3755275	32.041668	77.27386	506.0	0.0	23.75	47.5409	275.0	0.0	1000.0	1000.0	4.3333335	3.075	114348.0	0.025988181818181817	4350004.0	-0.098732464	0.51061416	1.9126562	-3.2750564	-0.098732576	0.5106013	1.9065461	-3.5970602	1.9283112	1.7601291	44.33999	-15.458383	1.2392457	7.225364	430.60568	1e-08	1.9865817	4.0724554	84.48013	-11.395973	0.957835	0.0010678776	0.0010753954	0.059397437	0.19598033	2.1425052e-05	-6.665481	0.0012967157	-1.029549e-15	-18.420683	1.7905706e-13	-1.9865819	21.39249	711.7167	61378.847022771835
88	7.4785886	6.631186	20.637783	-1.6875086	5.797738	4.909935	18.402603	-0.19367503	38.48077	105.547386	590.0	0.0	21.575	28.395325	134.0	0.0	1000.0	1000.0	3.7115386	2.8	116328.0	0.02614112359550562	4400004.0	-0.0777554	0.5089605	1.9480958	-3.4862869	-0.077759214	0.50900394	1.9837773	-10.884874	1.9296056	1.782461	50.273003	-8.136638	1.1942532	7.13785	453.26602	1e-08	1.9876978	4.023293	80.485756	-12.726483	0.84874177	0.001041926	0.0010634599	0.060667314	0.1990983	1.778585e-05	-6.74757	0.0012003114	-3.2525303e-16	-18.420683	1.7956619e-13	-1.9876978	21.536108	710.7037	62089.623123407364
89	10.031853	5.475846	22.681887	-0.7214162	6.3290496	6.5304937	23.812416	-1.9507222	19.895834	21.7689	86.0	0.0	14.15	20.234314	102.0	0.0	1000.0	1000.0	4.9375	3.175	117283.0	0.02606288888888889	4450004.0	-0.04871562	0.50930566	2.0416327	-3.6334362	-0.04871621	0.5092921	2.104724	-3.5299506	1.9297383	1.8235505	37.020435	-9.179577	1.2126992	7.255502	433.5198	1e-08	1.9746065	3.9090962	90.57572	-11.961844	0.9436634	0.0010606281	0.0010687188	0.060632262	0.20237361	3.252569e-05	-6.768735	0.0011788034	-9.6665e-16	-18.420683	1.7999111e-13	-1.9746065	21.314413	717.7912	62807.57609248161
90	7.6347027	5.848212	18.715279	-0.28210256	7.252963	6.386865	22.492054	-0.548964	13.576923	19.521534	71.0	0.0	21.875	44.006924	235.0	0.0	1000.0	1000.0	3.6346154	3.55	117989.0	0.02593164835164835	4500004.0	-0.034717545	0.51148194	2.0428786	-3.8767838	-0.034715254	0.5114559	2.0490613	-3.7793813	1.9225	1.8946419	44.27664	-8.291512	1.229128	7.4364357	462.3613	1e-08	1.9902818	4.1183486	94.43817	-11.982466	0.9842332	0.0011478526	0.001161997	0.06339945	0.209876	1.8503948e-05	-6.6583724	0.0013290683	-9.798816e-16	-18.420683	1.8073901e-13	-1.9902818	21.369696	714.40796	63522.86924982071
91	8.575177	6.461434	22.135893	-0.6916493	7.0135636	7.298154	25.925114	-0.17774889	24.083334	55.985428	376.0	0.0	8.575	15.543306	59.0	0.0	1000.0	1000.0	4.1458335	3.525	119162.0	0.02590478260869565	4550004.0	-0.014457322	0.5040576	1.7790108	-3.897292	-0.01445623	0.50404125	1.7929432	-3.9121041	1.9152644	1.8778769	39.08757	-10.115498	1.2083414	7.1567593	461.29895	1e-08	1.9999979	4.1173835	84.13493	-13.238814	0.9104696	0.0011661934	0.0011742519	0.06388819	0.20914121	2.8637146e-06	-6.6601844	0.0013042114	-8.067337e-16	-18.420683	1.8137419e-13	-1.999998	21.492249	719.42285	64241.290068626404
92	9.592848	6.005581	21.855822	0.2644467	13.647116	8.286663	26.059292	-0.3977859	19.807692	33.946247	190.0	0.0	25.825	32.163555	135.0	0.0	1000.0	1000.0	4.8076925	6.8	120175.0	0.025844086021505376	4600004.0	-0.0026324722	0.5063382	1.8427601	-4.427114	-0.0026336338	0.5063257	1.8377914	-4.2113953	1.9053344	1.8568122	35.586674	-13.260588	1.1853772	6.7871966	485.2027	1e-08	1.997528	4.086955	84.61765	-12.553611	0.8076947	0.0011576078	0.0011651063	0.06238819	0.20456338	5.8742667e-06	-6.674482	0.0012759586	-3.443264e-16	-18.420683	1.8190118e-13	-1.9975278	21.31297	714.70294	64955.94038820267
93	8.09351	5.0305634	19.151243	-0.53038293	6.6379576	5.3494134	19.323957	-0.031010807	21.479166	25.397663	98.0	0.0	67.825	137.17323	678.0	0.0	1000.0	1000.0	3.875	3.15	121273.0	0.025802765957446808	4650004.0	0.02302036	0.5143039	1.9104435	-3.582041	0.023021953	0.51429665	1.9044203	-3.6857896	1.9244893	1.7860668	31.807205	-10.151808	1.1351969	7.132405	481.25156	1e-08	1.9760345	4.0353513	79.634674	-13.9846325	0.7475317	0.0011717293	0.0011755916	0.058554396	0.19606735	3.0598818e-05	-6.761759	0.0011860931	-4.3708634e-16	-18.420683	1.8219097e-13	-1.9760344	21.593647	713.19836	65669.28923416138
94	9.306797	6.944331	26.969173	-0.32711402	8.613075	6.6989613	24.323267	-0.47244442	22.75	29.48916	123.0	0.0	10.65	16.666658	84.0	0.0	1000.0	1000.0	4.5384617	4.15	122389.0	0.025766105263157896	4700004.0	0.02164265	0.52591246	1.9992948	-4.3898206	0.021640176	0.52590525	2.001954	-4.466264	1.931624	1.8039701	32.17436	-9.733543	1.0995525	7.073566	496.50064	1e-08	2.017882	4.1784554	90.18831	-12.554104	0.70077467	0.0012104731	0.0012186635	0.059628975	0.1987302	-1.8674833e-05	-6.7500677	0.0011975537	1.09297015e-16	-18.420683	1.8221317e-13	-2.017882	22.102415	715.92993	66385.03968715668
95	8.493455	6.551802	24.818703	0.049847778	7.9274087	6.8893886	24.598167	0.04096783	27.333334	68.110916	348.0	0.0	29.45	96.73622	619.0	0.0	1000.0	1000.0	4.0416665	3.825	123718.0	0.025774583333333333	4750004.0	0.029954957	0.54482317	1.9951715	-11.21625	0.029955743	0.5447959	1.9967079	-11.828241	1.9344169	1.81938	36.83879	-11.871374	1.1183287	6.8122244	461.00375	1e-08	1.9831353	4.014741	117.47283	-12.019798	0.7991715	0.0013550522	0.0013675009	0.060753085	0.2014604	2.5131147e-05	-6.739262	0.0012062347	-6.1702083e-16	-18.420683	1.8243752e-13	-1.983135	21.328926	720.92267	67106.02287316322
96	8.279602	5.4039636	17.821705	0.089106925	8.986516	7.031028	23.614275	0.06842509	42.942307	108.435265	624.0	0.0	21.6	75.09021	479.0	0.0	1000.0	1000.0	4.0384617	4.475	125934.0	0.02596577319587629	4800004.0	0.024015034	0.5580214	2.2034094	-10.8541155	0.024014812	0.5579846	2.1794393	-10.692878	1.9461597	1.8219999	40.131924	-11.894669	1.0519855	6.1938405	434.5716	1e-08	1.9936781	4.0961967	140.45506	-11.537582	0.86653125	0.0014544175	0.0014778699	0.06169733	0.20382355	9.954026e-06	-6.739114	0.0012243289	-1.1599712e-15	-18.420683	1.8305634e-13	-1.9936779	21.748383	721.13806	67827.16354489326
97	9.844624	6.290369	22.116623	-0.40519983	9.8032875	7.3225985	23.418936	0.14553753	11.479167	20.9145	109.0	0.0	20.35	31.708475	175.0	0.0	1000.0	1000.0	4.8125	4.8	126488.0	0.02581387755102041	4850004.0	0.031605355	0.5567747	2.1707797	-6.243178	0.031605266	0.55675966	2.1660771	-6.4790444	1.9545184	1.8542184	38.995632	-7.7367525	0.9970577	4.463938	215.38806	1e-08	1.9883465	4.1091633	95.113205	-10.860556	0.9067695	0.0012712027	0.0012811626	0.06275014	0.20723687	1.7258317e-05	-6.721526	0.0012197624	-1.449642e-15	-18.420683	1.8413798e-13	-1.9883466	21.585762	713.87427	68540.88995671272
98	7.2151103	4.441622	17.18719	-0.12168908	9.492371	6.8186564	23.2277	-1.0942776	14.75	25.812098	121.0	0.0	10.875	21.724627	114.0	0.0	1000.0	1000.0	3.4038463	4.8	127252.0	0.025707474747474746	4900004.0	0.05880518	0.5539692	2.0464566	-6.117824	0.0588061	0.5539518	2.0268703	-6.240827	1.9573882	1.8848861	37.851414	-8.312978	0.9854572	4.3456173	344.79556	1e-08	1.9953837	4.159963	151.59578	-13.274475	0.93420655	0.0013104806	0.0013210757	0.06131464	0.20669413	8.314641e-06	-6.7450414	0.0011964035	-1.7526976e-15	-18.420683	1.8522624e-13	-1.9953837	21.310896	715.7242	69256.84294199944
99	9.644802	6.102133	22.194563	-1.0755166	10.90968	7.161176	27.946384	0.09242984	8.729167	15.287167	67.0	0.0	24.9	50.183563	266.0	0.0	1000.0	1000.0	4.7083335	5.325	127718.0	0.0255436	4950004.0	0.052249864	0.55737334	2.0502567	-6.7614956	0.052249223	0.55735004	1.9822638	-6.8753996	1.9639224	1.8819909	41.31048	-10.008532	0.9581833	4.302576	362.56116	1e-08	1.9974757	3.9653332	170.93958	-13.550136	0.918599	0.0014364453	0.0014492682	0.060333885	0.20228049	4.273369e-06	-6.778804	0.0011536261	-1.6036173e-15	-18.420683	1.8642771e-13	-1.9974757	21.302979	713.2458	69971.47608804703
