Epoch	AverageEpRet	StdEpRet	MaxEpRet	MinEpRet	AverageTestEpRet	StdTestEpRet	MaxTestEpRet	MinTestEpRet	AverageEpCost	StdEpCost	MaxEpCost	MinEpCost	AverageTestEpCost	StdTestEpCost	MaxTestEpCost	MinTestEpCost	EpLen	TestEpLen	EpGoals	TestEpGoals	CumulativeCost	CostRate	TotalEnvInteracts	AverageQR1Vals	StdQR1Vals	MaxQR1Vals	MinQR1Vals	AverageQR2Vals	StdQR2Vals	MaxQR2Vals	MinQR2Vals	AverageQCVals	StdQCVals	MaxQCVals	MinQCVals	AverageQCVar	StdQCVar	MaxQCVar	MinQCVar	AverageLogPi	StdLogPi	MaxLogPi	MinLogPi	LossPi	LossQR1	LossQR2	LossQC	LossQCVar	LossAlpha	LogAlpha	Alpha	LossBeta	LogBeta	Beta	PiEntropy	TestTime	EpochTime	TotalTime
1	-2.8162324	3.8231986	4.2886877	-13.4972925	-0.48852864	2.0633285	4.181941	-8.315709	33.6875	62.258247	291.0	0.0	39.675	93.591774	448.0	0.0	1000.0	1000.0	0.29166666	0.325	1659.0	0.01659	50004.0	-0.33639282	2.2748446	2.552118	-23.753119	-0.3792505	2.2614498	2.6156578	-23.747164	0.9098747	3.1396818	31.834003	-2.997142	0.7230576	1.1857013	30.139252	0.0050152927	0.60437775	2.6035588	64.57319	-11.834111	-3.2999287	0.07768453	0.06468421	0.02993481	0.16857523	0.24771033	-3.1265707	0.11953566	0.066921696	-8.498158	0.024584722	-0.60437775	21.520008	636.0171	638.3145043849945
2	-0.47302997	1.6610413	6.3041515	-3.492716	-0.016205732	1.0891016	2.7211754	-2.4102638	16.442308	42.91109	228.0	0.0	35.6	114.34244	699.0	0.0	1000.0	1000.0	0.26923078	0.1	2472.0	0.01648	100004.0	-0.830537	1.5182403	1.4528885	-8.6161995	-0.8305491	1.5182167	1.4412665	-8.5163145	2.0174286	2.6015477	30.453747	-7.3361187	0.4903104	1.0019867	27.164143	0.002017607	1.9057548	3.7291038	66.59236	-13.31844	1.2507966	0.0016638109	0.0016815173	0.026761279	0.18630895	0.00033068488	-5.9248157	0.002800758	3.9770075e-07	-12.450638	7.231078e-06	-1.9057548	20.624771	690.97705	1329.2432355880737
3	-0.5324072	1.1513711	2.1501431	-3.2624297	-0.18080406	1.3652946	3.084735	-2.6784658	18.979166	51.90677	323.0	0.0	19.5	76.6642	453.0	0.0	1000.0	1000.0	0.1875	0.325	3383.0	0.016915	150004.0	-0.8368562	0.88597333	0.7524276	-5.766266	-0.83685905	0.8859724	0.7451152	-5.7801595	2.0922406	2.074652	31.15971	-5.761821	0.3968368	1.0449306	32.162575	0.000681883	1.9958237	4.029575	69.53317	-12.592351	0.9811972	0.00053974346	0.0005361981	0.022827012	0.15183373	1.2221346e-05	-6.3860416	0.0017307347	1.6801921e-09	-17.505116	5.493023e-08	-1.9958237	20.402283	692.1704	2021.565113067627
4	0.35942194	1.4462254	5.1487803	-1.7786186	0.038334608	0.8893491	2.3490484	-1.9131845	59.557693	100.410385	358.0	0.0	75.3	193.99603	715.0	0.0	1000.0	1000.0	0.3653846	0.125	6480.0	0.02592	200004.0	-0.8118224	0.61198837	0.6551222	-5.3736486	-0.81182534	0.6119837	0.8906424	-5.5304947	2.0684924	2.0720744	28.301271	-10.934353	0.476425	1.2185069	34.92721	0.00039236	1.995453	4.2684846	82.387184	-13.100053	1.0705919	0.0003158957	0.00031606684	0.027785555	0.16447617	9.124978e-06	-6.4823895	0.0015740332	3.4507729e-12	-18.420683	1.3322757e-10	-1.9954531	19.78574	698.71497	2720.1266696453094
5	1.0467759	1.9278717	7.402184	-2.055321	0.5907583	1.46667	4.680997	-1.7631844	38.3125	90.3053	477.0	0.0	6.8	13.41678	63.0	0.0	1000.0	1000.0	0.625	0.45	8319.0	0.02773	250004.0	-0.83503175	0.53250533	0.838351	-10.695646	-0.8350284	0.5325089	1.1982245	-10.6192	2.0422485	2.1971526	31.992197	-12.909211	0.5893494	1.5402409	37.040276	0.00017808282	1.9958746	4.1185493	85.45238	-15.636972	1.3700849	0.00040197652	0.00039986297	0.038298894	0.19489567	1.8869e-05	-6.218248	0.00202793	1.986693e-13	-18.420683	1.1047432e-11	-1.9958749	20.9628	701.0453	3421.273153066635
6	1.5806419	1.9813832	7.290179	-2.2248554	1.4458091	2.4358077	8.880604	-2.8181958	29.153847	57.00384	261.0	0.0	50.4	97.08677	456.0	0.0	1000.0	1000.0	0.8076923	0.975	9835.0	0.0281	300004.0	-0.8543141	0.5069193	1.2673953	-4.237341	-0.85431325	0.5069462	1.3614624	-4.2172775	2.0085638	2.3300564	43.05586	-17.906698	0.6729775	1.7612584	38.401886	2.62257e-05	2.0003052	4.150825	58.467415	-13.15988	1.3626306	0.00046260742	0.0004493647	0.04518721	0.2133968	4.4279004e-06	-6.0386376	0.0024299908	1.3777021e-13	-18.420683	5.737915e-12	-2.0003054	20.94727	692.0268	4113.199521303177
7	1.7159337	2.236143	9.689989	-1.6324052	0.74369574	1.754464	8.002221	-2.21604	22.645834	47.34866	278.0	0.0	5.825	15.011476	70.0	0.0	1000.0	1000.0	0.8958333	0.5	10973.0	0.0274325	350004.0	-0.90390515	0.49451646	1.065944	-4.2616463	-0.9039068	0.49451816	1.5178409	-4.097758	2.0001037	2.1332724	42.434376	-18.879557	0.6782047	1.6683875	44.950493	1.3828182e-05	1.9890039	4.3726974	66.69638	-12.17771	1.2087159	0.00054202933	0.00053959124	0.045126144	0.20362282	3.05663e-05	-6.214915	0.0020289614	9.451841e-14	-18.420683	3.7509293e-12	-1.989004	20.735949	691.7777	4805.104174375534
8	1.5046748	2.2116354	7.819076	-2.5231955	0.18656123	1.0641066	3.8799427	-2.0608454	26.961538	44.70844	178.0	0.0	41.225	169.86237	882.0	0.0	1000.0	1000.0	0.86538464	0.2	12324.0	0.027386666666666667	400004.0	-0.9508981	0.4964119	0.7570704	-4.760874	-0.9508911	0.496423	1.061719	-4.742429	1.9700869	2.2262259	36.7944	-12.124454	0.81577784	2.0365148	52.04279	6.7622764e-08	1.99812	4.321833	75.3962	-11.844366	1.2934163	0.0005692179	0.00056682667	0.049067568	0.21609977	1.3192062e-05	-6.1034756	0.0022827908	7.525676e-14	-18.420683	2.612443e-12	-1.9981203	20.96093	694.0857	5499.073201656342
9	1.7018347	2.178484	8.961515	-4.0281596	1.2798083	1.9566427	7.1464415	-1.6971344	43.520832	88.74401	376.0	0.0	31.1	65.860756	271.0	0.0	1000.0	1000.0	0.8541667	0.675	14465.0	0.02893	450004.0	-0.99765736	0.49816293	0.5331642	-5.1186023	-0.99765307	0.49818107	1.2187395	-5.097824	1.9580821	2.2399716	36.031544	-10.874076	0.88569593	2.2801309	51.933037	1e-08	1.9972578	4.453773	78.066574	-10.92579	1.4306091	0.0005999901	0.00059335155	0.05192059	0.22154324	1.4908009e-05	-6.101513	0.002294251	5.230512e-14	-18.420683	2.0394463e-12	-1.9972578	21.011063	701.932	6201.118204832077
10	0.84048015	2.1536725	6.8197765	-1.5414648	2.2140198	2.9700625	11.575213	-0.74249166	25.673077	84.05966	469.0	0.0	20.925	48.932297	301.0	0.0	1000.0	1000.0	0.5769231	1.175	15748.0	0.02863272727272727	500004.0	-1.0452063	0.48686105	0.77747226	-4.567408	-1.0452051	0.4868649	1.1808717	-4.4327316	1.9468684	2.2829852	40.899925	-24.42762	0.911997	2.2173204	58.945496	1e-08	1.9904264	4.282082	75.03551	-10.21436	1.5856644	0.0005963519	0.00059651595	0.05872275	0.23784855	2.686427e-05	-6.0808063	0.0023369144	3.854348e-14	-18.420683	1.7027966e-12	-1.9904264	20.529036	718.06323	6919.962364196777
11	1.2542676	2.184176	7.4765267	-1.8280023	2.8939657	2.750932	10.534139	-0.8063812	21.520834	49.284462	263.0	0.0	54.725	141.63562	633.0	0.0	1000.0	1000.0	0.8333333	1.55	16781.0	0.027968333333333335	550004.0	-1.0509729	0.45932204	0.745202	-4.3712835	-1.050965	0.4593308	0.9527111	-4.34331	1.9142569	2.3414207	64.87008	-13.407251	1.0374714	2.5243042	72.01363	5.8823883e-08	1.9780331	4.298471	82.89427	-11.671818	1.5481372	0.00056972104	0.0005686938	0.061130244	0.24462779	5.5409146e-05	-6.065954	0.002386269	4.0568436e-14	-18.420683	1.4676902e-12	-1.9780331	21.885975	706.5232	7625.681591749191
12	2.266823	3.0833647	11.090044	-3.6898022	1.2323344	2.2776804	7.0940146	-1.34945	32.903847	87.08953	490.0	0.0	44.8	161.24178	895.0	0.0	1000.0	1000.0	1.3269231	0.725	18492.0	0.02844923076923077	600004.0	-1.0698549	0.46579814	0.92034245	-4.284906	-1.0698586	0.4657957	1.3144206	-4.409436	1.8947841	2.243913	38.12094	-19.353615	1.1357738	2.7078817	59.07561	1e-08	1.983226	4.6098027	87.110886	-13.474911	1.5467945	0.0006383616	0.0006368447	0.06359453	0.24193561	3.879553e-05	-6.1943374	0.0020912818	3.1188986e-14	-18.420683	1.2564952e-12	-1.9832258	21.344704	719.2079	8344.973186254501
13	1.939998	2.904561	10.037211	-1.8995137	0.9745821	1.9649832	7.1694417	-1.5005815	46.75	104.84721	522.0	0.0	10.3	49.337208	304.0	0.0	1000.0	1000.0	1.125	0.7	20984.0	0.02997714285714286	650004.0	-1.0918547	0.46069878	0.7753325	-4.521516	-1.0918579	0.46070507	0.9481378	-4.4343615	1.9245453	2.247709	44.010834	-25.732876	1.0633909	2.752573	73.36707	1.4786989e-08	2.0070329	4.400695	81.081116	-11.502824	1.5533656	0.00064816535	0.0006427632	0.06367942	0.24482308	-9.004379e-06	-6.094435	0.002348112	2.941972e-14	-18.420683	1.1062409e-12	-2.0070329	20.81654	718.10095	9062.867257118225
14	1.8855574	2.3851907	9.317444	-0.9902576	1.5838324	2.405695	8.018963	-1.383863	18.326923	41.30548	254.0	0.0	27.175	124.026794	794.0	0.0	1000.0	1000.0	1.0384616	0.875	21689.0	0.028918666666666665	700004.0	-1.0717932	0.44998428	1.0166801	-4.86466	-1.0717893	0.44998673	0.8812235	-4.881626	1.9116815	2.1785512	44.578003	-17.658121	1.0915563	2.8225913	73.423645	1e-08	1.9989697	4.4296474	83.6649	-13.55133	1.5669475	0.00066618255	0.0006644746	0.06532425	0.24274305	5.9543754e-06	-6.154934	0.0021702056	2.2298315e-14	-18.420683	1.0079417e-12	-1.9989697	21.227806	710.2857	9773.247334718704
15	1.1606547	1.6083204	6.87383	-0.74910295	1.2316749	2.2536678	8.16392	-2.0381746	21.8125	78.05865	538.0	0.0	5.975	12.346027	52.0	0.0	1000.0	1000.0	0.625	0.825	22778.0	0.0284725	750004.0	-1.0699596	0.4410319	0.79533553	-6.0317535	-1.0699606	0.44103137	0.9489782	-6.2698426	1.9211259	2.1948998	53.33644	-29.22081	1.0739657	2.776134	81.26883	1e-08	1.9726244	4.499654	98.211296	-13.566556	1.6167941	0.0006492041	0.00064655684	0.063786894	0.23997025	6.556861e-05	-6.2264767	0.0020134307	1.8392207e-14	-18.420683	9.263583e-13	-1.9726242	21.130455	706.88904	10480.315913915634
16	2.2552545	2.6985714	10.271782	-1.3822246	0.99044263	1.3351989	4.0274754	-1.0404782	57.51923	122.77786	508.0	0.0	20.1	48.211926	236.0	0.0	1000.0	1000.0	1.25	0.525	25727.0	0.03026705882352941	800004.0	-1.061381	0.43541437	1.1836531	-4.8939424	-1.0613842	0.4354114	1.5285666	-4.6762676	1.9125754	2.135017	50.930077	-30.196825	1.1174973	2.8830893	77.302795	1e-08	1.9683719	4.419429	80.01675	-12.823941	1.412797	0.00064250524	0.0006420698	0.06318918	0.23279594	6.432454e-05	-6.151052	0.0021783477	2.2355046e-14	-18.420683	8.545314e-13	-1.968372	21.286835	699.5054	11179.882312774658
17	2.1335468	2.7958076	9.159644	-0.9946141	1.64748	1.8435708	6.9079375	-0.72525364	12.1875	27.707293	137.0	0.0	55.375	141.82748	808.0	0.0	1000.0	1000.0	1.1666666	0.8	26312.0	0.029235555555555556	850004.0	-1.0432719	0.42287353	2.2889884	-4.9212832	-1.0432738	0.42287508	2.2455177	-4.890314	1.8951628	2.1867137	51.806114	-15.636682	1.2405558	3.2214513	77.12931	1e-08	1.9986293	4.3982935	86.23647	-12.751769	1.6183221	0.0006698118	0.0006673805	0.067482196	0.24124481	1.4443119e-05	-6.246556	0.0019861464	1.5421607e-14	-18.420683	7.949217e-13	-1.9986293	20.938896	702.33795	11881.976014137268
18	2.8311763	2.4459789	10.238761	-0.50061804	1.982103	2.731271	10.891794	-1.1670343	16.923077	45.185875	279.0	0.0	25.95	137.0768	879.0	0.0	1000.0	1000.0	1.3461539	1.2	27192.0	0.028623157894736843	900004.0	-1.0835735	0.43492398	2.3144133	-5.3994403	-1.0835781	0.4349147	2.3222685	-5.4355164	1.8835856	2.1602643	81.083824	-13.248541	1.2799135	3.3330674	121.560356	1e-08	1.9723554	4.4554777	82.701836	-12.482753	1.7052281	0.0007865757	0.0007866981	0.06797081	0.2383027	5.6434346e-05	-6.24882	0.0020031466	1.208077e-14	-18.420683	7.513156e-13	-1.9723555	20.73012	694.90393	12576.846987962723
19	2.4671245	2.5613396	10.40882	-1.3787621	2.534599	3.6286786	18.645937	-0.86629665	18.625	44.78124	204.0	0.0	15.95	39.216038	175.0	0.0	1000.0	1000.0	1.3333334	1.3	28129.0	0.028129	950004.0	-1.1102762	0.43253168	0.9791079	-6.967336	-1.1102755	0.43253744	0.9895899	-6.974672	1.8917782	2.0997953	91.0489	-13.66892	1.2344042	3.429049	147.61317	1e-08	2.0074975	4.6086087	91.59791	-11.798971	1.6976731	0.00082723296	0.0008261326	0.06664746	0.23127922	-8.308377e-06	-6.3145027	0.0019064643	1.1099124e-14	-18.420683	7.1491245e-13	-2.0074975	21.055843	697.8119	13274.64571261406
20	3.0162964	3.4447608	12.299225	-1.774732	1.4136947	2.1830232	7.07026	-0.9752682	16.903847	35.94775	161.0	0.0	21.925	51.489994	239.0	0.0	1000.0	1000.0	1.6730769	0.8	28965.0	0.027585714285714286	1000004.0	-1.1320684	0.45327255	0.7484795	-9.103815	-1.1320715	0.4532701	0.6269439	-9.478569	1.8754	2.0800292	60.642914	-20.740925	1.2845681	3.5267851	132.25305	1e-08	1.9665773	4.545671	94.04929	-12.356238	1.6256738	0.0008779819	0.00088070147	0.06551086	0.22893427	6.949164e-05	-6.2680364	0.0019556298	1.308437e-14	-18.420683	6.837599e-13	-1.9665773	20.914492	699.1328	13974.483103275299
21	2.2128959	3.2621036	14.717082	-1.347668	2.911126	3.4623935	13.146462	-0.9307819	12.020833	33.038795	179.0	0.0	21.975	59.529186	239.0	0.0	1000.0	1000.0	1.1666666	1.425	29587.0	0.026897272727272728	1050004.0	-1.192861	0.48632824	0.77558565	-11.560251	-1.1928691	0.48634818	0.88657266	-11.650919	1.8722397	2.0219734	50.936974	-26.401297	1.3375045	3.8172686	131.85616	1e-08	1.9833637	4.626505	82.19636	-11.880157	1.6485537	0.0009881817	0.0009780774	0.064171486	0.22466215	3.794667e-05	-6.3223577	0.0018690057	1.22797695e-14	-18.420683	6.490606e-13	-1.9833639	20.853031	694.18695	14668.047529697418
22	2.5075202	2.6532311	12.650138	-0.5315631	1.4454682	4.8996143	16.155321	-9.22517	14.711538	61.21096	440.0	0.0	4.9	14.122322	68.0	0.0	1000.0	1000.0	1.3076923	1.2	30307.0	0.026353913043478262	1100004.0	-1.2097532	0.47016874	0.93559706	-7.861717	-1.2097532	0.470181	1.5455883	-8.076231	1.8771685	1.9360873	49.70922	-24.04877	1.3042511	3.7120848	119.32728	1e-08	1.9939481	4.5840707	88.127815	-12.355397	1.543646	0.0009272278	0.00092429883	0.05902805	0.2089934	2.3041479e-05	-6.2980814	0.0018936667	1.2969729e-14	-18.420683	6.1654745e-13	-1.993948	20.889723	694.0925	15362.110172748566
23	2.1257048	2.9337783	14.548697	-2.459588	1.7090671	2.1372416	6.257422	-1.2158659	35.5625	75.41273	448.0	0.0	2.5	7.648529	33.0	0.0	1000.0	1000.0	1.2083334	1.025	32014.0	0.02667833333333333	1150004.0	-1.1975944	0.4651361	0.5036598	-12.030385	-1.197589	0.46514976	0.6647703	-11.978598	1.8842906	1.8553802	53.36416	-13.238024	1.2825134	3.683427	90.94946	1e-08	1.9850951	4.57018	70.92538	-12.557565	1.5500175	0.0009049263	0.0009018968	0.05786204	0.20394215	3.0089444e-05	-6.381296	0.0017378845	1.0419303e-14	-18.420683	5.8902747e-13	-1.9850953	21.117073	699.56555	16061.634521484375
24	2.8198636	2.8765368	10.772858	-1.2401708	2.7600946	3.412267	13.572798	-0.40852723	22.51923	53.654697	365.0	0.0	71.525	161.07172	683.0	0.0	1000.0	1000.0	1.5576923	1.35	33185.0	0.026548	1200004.0	-1.1505567	0.42342353	0.5866805	-11.350256	-1.1505522	0.42342907	0.5194157	-11.242578	1.8967956	1.8442547	47.41833	-13.384721	1.25715	3.6622002	103.339905	1e-08	1.9642841	4.5477824	89.71732	-11.817102	1.5919814	0.00080712716	0.0008081773	0.056111567	0.19752295	5.705894e-05	-6.5795426	0.0014384823	7.9859715e-15	-18.420683	5.6647097e-13	-1.9642841	20.72594	694.4093	16756.10495185852
25	3.6984093	3.7836726	12.287129	-1.5312444	2.2559488	2.9812179	10.369658	-1.2869419	28.5625	63.15454	327.0	0.0	28.825	56.40474	198.0	0.0	1000.0	1000.0	1.8958334	1.3	34627.0	0.026636153846153848	1250004.0	-1.1414329	0.413127	0.6185886	-8.0277195	-1.1414263	0.41312104	0.3753336	-7.7436147	1.8780046	1.9505278	43.50713	-16.501299	1.3111128	3.7681444	98.00283	1e-08	2.0074227	4.690897	82.00945	-12.038652	1.7020696	0.0009322604	0.00093771296	0.06274962	0.21169655	-6.183381e-06	-6.4247494	0.0016725138	6.89499e-15	-18.420683	5.5194e-13	-2.007423	19.204458	695.79565	17451.745383262634
26	2.3289187	3.633146	13.617866	-1.5795041	1.2156014	2.5507803	9.579872	-1.733093	33.423077	69.92698	361.0	0.0	36.325	102.444954	392.0	0.0	1000.0	1000.0	1.2884616	0.825	36294.0	0.026884444444444443	1300004.0	-1.2012402	0.43381876	0.35890156	-7.6473002	-1.2012366	0.4337958	0.39593375	-7.305287	1.8849128	1.9551511	42.725857	-17.614563	1.2633693	3.8276854	113.73795	1e-08	1.9371028	4.7290926	105.80724	-11.832571	1.7280617	0.0009937808	0.0010049241	0.064273424	0.21556555	0.00010627158	-6.4080462	0.0017120178	7.2295905e-15	-18.420683	5.361178e-13	-1.9371026	21.066463	699.4625	18151.229758501053
27	2.3457527	2.756035	12.453884	-1.1222285	2.170655	2.3007512	8.853568	-0.6443457	43.166668	79.64984	349.0	0.0	31.9	93.45743	478.0	0.0	1000.0	1000.0	1.3125	1.05	38366.0	0.027404285714285714	1350004.0	-1.1992409	0.42855823	0.37001306	-7.3259764	-1.1992418	0.42855406	0.3200913	-7.281209	1.8889186	1.9762732	51.257236	-21.896175	1.24803	3.9383786	113.363304	1e-08	2.008554	4.6815147	103.22533	-13.56522	1.7428609	0.0009578581	0.0009616288	0.066575564	0.22164461	-4.0278364e-06	-6.49154	0.0015656011	6.8292243e-15	-18.420683	5.2194935e-13	-2.0085542	21.483173	693.1858	18844.58482503891
28	3.7120023	3.2501187	11.53258	-0.8999046	3.2834525	4.042732	14.100031	-0.58881515	37.307693	79.80229	334.0	0.0	34.85	90.015144	474.0	0.0	1000.0	1000.0	2.0769231	1.65	40306.0	0.027797241379310344	1400004.0	-1.2012635	0.4278051	0.34775043	-6.2008433	-1.2012659	0.4278033	0.2584046	-6.2382183	1.8733519	2.026882	46.43723	-23.43354	1.3152568	4.3664594	135.17787	1e-08	1.983581	4.476039	77.295494	-11.739025	1.7585169	0.0009597637	0.0009628641	0.06984757	0.22592331	2.9732533e-05	-6.3931575	0.0017161188	7.522964e-15	-18.420683	5.0639533e-13	-1.983581	21.271986	699.59265	19544.135982513428
29	2.4195025	2.7367356	9.02704	-1.2677047	1.848057	2.760016	9.36203	-1.1895089	17.416666	40.37988	191.0	0.0	25.975	96.068855	576.0	0.0	1000.0	1000.0	1.3125	1.025	41161.0	0.027440666666666665	1450004.0	-1.191714	0.4306636	0.5083296	-5.802134	-1.1917129	0.430648	1.5116038	-5.8832946	1.8468884	2.1253738	47.432995	-27.673958	1.4199494	4.7272887	144.68001	1e-08	1.9984387	4.570482	85.57819	-11.593079	1.88253	0.000992352	0.0010005126	0.075445905	0.23604569	9.531418e-06	-6.4170327	0.0016866629	6.1188436e-15	-18.420683	4.9288926e-13	-1.9984387	21.029373	693.7456	20237.95792412758
30	3.6656728	3.7354238	13.604515	-0.74350476	3.2351723	3.95404	16.741217	-1.5943832	11.596154	36.600365	248.0	0.0	58.025	156.27211	745.0	0.0	1000.0	1000.0	2.0192308	1.85	41745.0	0.02693225806451613	1500004.0	-1.1828882	0.43778232	0.247818	-6.91102	-1.1828847	0.43777153	0.33810866	-6.928255	1.8313489	2.104325	49.606598	-32.193268	1.4828553	4.9581714	161.71892	1e-08	1.9745816	4.542404	86.147766	-12.672591	1.8443025	0.0010531667	0.0010618086	0.07521327	0.23385707	5.0091858e-05	-6.3282604	0.0018374298	5.7770133e-15	-18.420683	4.8043676e-13	-1.9745817	20.88066	693.1079	20931.72503876686
31	2.6703575	2.7825706	10.870344	-0.74135095	2.7604363	2.9796476	9.654846	-1.6119682	15.375	47.260197	311.0	0.0	44.65	140.29051	851.0	0.0	1000.0	1000.0	1.375	1.45	42483.0	0.026551875	1550004.0	-1.1436443	0.42502162	0.6066503	-11.486472	-1.1436423	0.42498407	0.98897624	-10.146517	1.8438797	2.0921333	43.714878	-18.71511	1.5134875	5.5183697	196.68079	1e-08	1.9698325	4.5596533	82.21517	-12.759238	1.8633435	0.0009882896	0.0010084994	0.075657375	0.23290989	4.1631938e-05	-6.7587924	0.0012132535	4.9715553e-15	-18.420683	4.7108855e-13	-1.9698327	21.187477	699.46234	21630.422235250473
32	3.9237227	3.3872132	11.695841	-1.400524	2.8135095	3.4328063	13.75105	-1.2774613	24.788462	39.884613	155.0	0.0	19.825	61.80489	318.0	0.0	1000.0	1000.0	2.1730769	1.55	43772.0	0.02652848484848485	1600004.0	-1.1539569	0.45595235	0.69684136	-12.955912	-1.1539598	0.45593932	0.67157465	-12.698121	1.8345221	2.113025	42.71265	-12.878942	1.6054064	5.8801436	229.44368	1e-08	1.992536	4.545694	80.9433	-10.485407	1.8415987	0.0011958749	0.0012026775	0.07700671	0.23595825	1.8309396e-05	-6.4026513	0.0017281186	5.9089577e-15	-18.420683	4.616173e-13	-1.992536	21.08495	695.1419	22325.757672786713
33	4.2375746	4.739012	19.416946	-1.0631138	5.113757	4.8136683	20.404118	-0.3388849	11.083333	20.901388	93.0	0.0	58.125	133.82922	540.0	0.0	1000.0	1000.0	2.2083333	2.625	44510.0	0.02618235294117647	1650004.0	-1.2099023	0.47849944	0.2447198	-9.558352	-1.2099029	0.47845855	0.20583683	-9.905115	1.8333738	2.081374	42.587185	-17.43088	1.6303666	5.9009223	193.61234	1e-08	2.0034525	4.605864	96.61218	-13.210862	1.7727726	0.0012410351	0.0012659212	0.07474197	0.23130971	-5.213654e-07	-6.289695	0.0018996585	7.810151e-15	-18.420683	4.4883127e-13	-2.0034525	21.162159	699.8549	23025.40793633461
34	3.5059698	3.5196931	13.009136	-1.4568051	2.6311624	3.7632186	15.141352	-4.557626	21.461538	67.65536	447.0	0.0	29.625	99.08448	529.0	0.0	1000.0	1000.0	1.8846154	1.55	45420.0	0.025954285714285714	1700004.0	-1.2641366	0.5125202	0.39829397	-9.995554	-1.2641333	0.5124915	0.47400063	-9.757795	1.8274674	2.082259	56.49662	-20.865095	1.6812901	6.085278	204.20644	1e-08	1.9543308	4.482466	91.26484	-11.795104	1.8654376	0.0013723861	0.0013944827	0.07450693	0.23085682	8.9047506e-05	-6.4271812	0.001686833	7.0181957e-15	-18.420683	4.3491114e-13	-1.9543308	21.524342	701.73694	23727.233838796616
35	5.4278564	4.7684007	18.168945	-1.4841641	5.000205	5.3327136	21.05636	-0.6314254	23.645834	46.886604	189.0	0.0	18.05	54.020344	244.0	0.0	1000.0	1000.0	2.7916667	2.7	46609.0	0.02589388888888889	1750004.0	-1.2370131	0.49219933	0.17663604	-9.584463	-1.2370139	0.49217653	1.1114978	-10.727158	1.823909	2.0834095	54.676224	-18.522402	1.7186533	6.2275143	223.07242	1e-08	1.9735177	4.532137	84.29921	-12.330178	1.8675766	0.0012511035	0.0012743338	0.07493716	0.22972582	3.902422e-05	-6.571147	0.001464551	6.275653e-15	-18.420683	4.2351273e-13	-1.9735175	21.166769	693.2512	24420.37348175049
36	4.00425	3.899852	13.343633	-1.0640674	1.1046257	1.7122116	6.1798205	-1.4893749	19.711538	43.252094	210.0	0.0	28.7	138.49516	850.0	0.0	1000.0	1000.0	2.0384614	0.55	47580.0	0.02571891891891892	1800004.0	-1.1947643	0.46710327	1.1584058	-11.834749	-1.1947594	0.46709165	1.2152994	-11.954853	1.8403668	2.1376948	56.41868	-16.740458	1.6200078	5.8485794	196.73637	1e-08	1.9749603	4.538633	104.8713	-12.678898	1.9708912	0.0012196158	0.0012350442	0.076754905	0.23453203	3.751937e-05	-6.484918	0.001570936	4.670301e-15	-18.420683	4.1470844e-13	-1.9749603	21.246964	698.0201	25118.432739019394
37	3.741535	3.5785196	12.922442	-0.9261713	4.3056192	5.412227	22.418917	-1.1168727	33.3125	114.02087	758.0	0.0	24.55	98.7203	594.0	0.0	1000.0	1000.0	1.9375	2.3	49266.0	0.025929473684210527	1850004.0	-1.1971792	0.45617273	1.7016404	-11.360886	-1.1971816	0.45614374	1.8993673	-11.450682	1.8522782	2.1634493	61.457592	-17.879456	1.585577	6.1005363	239.92783	1e-08	2.0130727	4.8180995	95.234	-11.359232	1.909074	0.0011981773	0.0012123137	0.07816985	0.23737559	-1.5851661e-05	-6.503309	0.0015537728	5.622617e-15	-18.420683	4.0626066e-13	-2.0130732	19.496746	693.8819	25812.46747803688
38	4.911539	4.741831	16.912209	-1.4496365	2.492023	3.720744	19.220783	-0.609167	12.192307	26.301533	140.0	0.0	2.775	10.638345	55.0	0.0	1000.0	1000.0	2.4807692	1.375	49813.0	0.025545128205128206	1900004.0	-1.1917834	0.45143756	0.32971573	-8.23151	-1.1917821	0.45143485	0.72376907	-8.61114	1.8633794	2.1424608	52.693832	-12.465034	1.5449088	6.2697906	264.1366	1e-08	1.9837186	4.5451674	95.6349	-12.205381	2.0027633	0.0011475325	0.0011591763	0.079544514	0.23811512	3.427513e-05	-6.5030055	0.001545518	3.7736093e-15	-18.420683	3.9818417e-13	-1.9837183	21.265747	703.6786	26516.08726811409
39	4.45435	4.349455	15.58572	-0.82700557	2.1478562	2.7228122	10.150149	-0.738353	27.729166	71.293915	447.0	0.0	7.1	33.02938	210.0	0.0	1000.0	1000.0	2.3541667	1.25	51205.0	0.0256025	1950004.0	-1.1411954	0.432625	0.9298167	-10.347956	-1.1411922	0.43259737	0.83971584	-10.738683	1.8647007	2.1297364	42.073578	-14.148026	1.5454724	6.408472	279.53528	1e-08	1.9786141	4.411172	114.0691	-11.743996	2.0136871	0.0011309035	0.0011524928	0.08045751	0.23689239	4.31927e-05	-6.4512277	0.001621212	2.6493238e-15	-18.420683	3.9338647e-13	-1.9786141	21.238743	692.1581	27208.13680744171
40	3.0730922	3.348513	11.523915	-0.9850822	6.3276405	5.4000063	17.616562	-1.0319194	29.903847	122.53261	837.0	0.0	16.725	29.60151	130.0	0.0	1000.0	1000.0	1.6346154	3.575	52699.0	0.025706829268292684	2000004.0	-1.1296052	0.45279688	1.7167907	-12.076888	-1.1296034	0.45275405	1.8203962	-12.618172	1.8696003	2.1504724	53.665783	-13.890692	1.55	6.6743	312.3112	1e-08	1.9637626	4.462825	103.49111	-11.981508	1.9885312	0.0013704908	0.0014062456	0.080745004	0.23918897	5.9572114e-05	-6.59503	0.0014119771	2.9614616e-15	-18.420683	3.8945708e-13	-1.9637624	21.315037	693.12524	27902.77345252037
41	5.0394874	4.8103843	19.40428	-0.5980159	3.900227	3.988125	14.046436	-1.1140091	14.020833	30.738474	170.0	0.0	20.6	47.82823	243.0	0.0	1000.0	1000.0	2.75	2.025	53372.0	0.025415238095238095	2050004.0	-1.1494265	0.48330557	2.3953142	-13.529754	-1.1494228	0.48327836	2.1243324	-13.139638	1.85453	2.1723876	44.505974	-12.627175	1.6683277	7.127738	327.08765	1e-08	1.9767203	4.464812	99.51126	-12.989266	2.0930157	0.0016075973	0.00163062	0.082839005	0.2440288	3.8490718e-05	-6.5073543	0.0015587354	2.1275795e-15	-18.420683	3.8602886e-13	-1.97672	21.037016	699.51025	28600.870929718018
42	6.657474	5.724832	21.784464	-1.0676537	4.7997074	5.8673096	22.699528	-1.0781668	35.115383	84.05256	529.0	0.0	3.0	7.572978	32.0	0.0	1000.0	1000.0	3.4423077	2.55	55198.0	0.025673488372093024	2100004.0	-1.1533871	0.48674414	1.318143	-13.08751	-1.1533897	0.48671094	1.6315871	-12.809118	1.8760446	2.187728	46.974453	-13.77952	1.568216	7.034283	321.1449	1e-08	1.9454895	4.5571003	88.91942	-12.900911	2.0902479	0.0015875293	0.0016215033	0.08390621	0.24813643	0.000102090904	-6.4982	0.0015801736	2.3402468e-15	-18.420683	3.819212e-13	-1.9454894	20.999928	703.10486	29304.043100357056
43	6.34524	4.6712875	20.639488	-0.6963382	9.3876705	6.9394794	24.261662	0.047606777	16.854166	40.340214	249.0	0.0	36.875	66.217514	312.0	0.0	1000.0	1000.0	3.2083333	4.725	56111.0	0.025505	2150004.0	-1.1273423	0.44965884	1.7968836	-9.407223	-1.1273404	0.44963536	2.5979457	-9.60248	1.8799411	2.1853464	51.62667	-31.732979	1.5704185	7.0437155	291.7606	1e-08	1.9896743	4.8044043	111.60479	-11.527039	2.0977468	0.0014108499	0.0014219519	0.08484752	0.24747133	2.8832617e-05	-6.456115	0.0016428091	1.9207453e-15	-18.420683	3.7869854e-13	-1.9896743	21.290443	696.5029	30000.390425682068
44	6.639571	5.037609	17.959023	-1.6927395	9.741151	8.070799	24.317116	-0.922016	48.403847	108.76832	613.0	0.0	11.55	21.093777	89.0	0.0	1000.0	1000.0	3.4423077	5.025	58524.0	0.026010666666666668	2200004.0	-1.1264094	0.46109968	0.9205023	-11.234415	-1.1264104	0.4611053	0.9381616	-11.376414	1.8814149	2.1704664	41.72564	-37.40423	1.5529355	7.0446787	292.35486	1e-08	1.9740417	4.6380196	123.13733	-13.108954	2.0167804	0.0015428552	0.0015422809	0.085320294	0.24598426	4.6211673e-05	-6.4060974	0.0016997342	2.8318755e-15	-18.420683	3.75449e-13	-1.9740422	21.500614	699.16675	30699.581610918045
45	7.941185	6.3607206	21.482784	-2.221727	7.295108	7.7076936	23.62078	-0.5766139	23.479166	42.625298	263.0	0.0	10.8	16.149612	62.0	0.0	1000.0	1000.0	4.0625	3.675	59651.0	0.025935217391304347	2250004.0	-1.1245179	0.48499784	0.57756126	-9.221494	-1.1245269	0.4849548	0.6167718	-9.261674	1.9246347	2.1304915	44.88714	-45.33215	1.4188174	6.847829	296.14532	1e-08	2.0225122	4.1078596	86.423386	-15.575844	1.959791	0.0016099431	0.0016286694	0.08348226	0.24309215	-3.6104404e-05	-6.380875	0.0017645643	2.8705106e-15	-18.420683	3.708043e-13	-2.0225124	21.147207	696.5088	31396.282128810883
46	10.063134	6.926072	24.43741	-0.64845705	10.086715	8.204568	25.460701	-0.89355963	15.807693	19.954792	88.0	0.0	35.85	99.3319	630.0	0.0	1000.0	1000.0	4.9615383	5.25	60473.0	0.025733191489361703	2300004.0	-1.1123458	0.5067837	0.96436	-12.748858	-1.1123445	0.50674963	2.4139056	-11.573315	1.967194	2.0090666	50.636784	-38.445038	1.2863139	6.313679	300.33505	1e-08	1.9697657	4.08066	113.49509	-11.017576	1.9040471	0.0018283996	0.0018424591	0.077712685	0.2298159	6.366917e-05	-6.2703815	0.0019294448	2.0803726e-15	-18.420683	3.672373e-13	-1.9697654	20.794455	703.3081	32099.353635787964
47	9.756347	6.552087	22.166214	-0.04490225	8.821909	7.3882933	24.78499	-1.7002602	32.145832	47.57888	214.0	0.0	40.675	127.33271	809.0	0.0	1000.0	1000.0	4.9166665	4.425	62177.0	0.025907083333333334	2350004.0	-1.0786172	0.5000626	1.2457613	-14.383913	-1.0786154	0.5000948	1.2806039	-15.105848	2.0019271	1.8506645	51.660122	-23.743513	1.1725407	5.95876	328.56213	1e-08	1.993069	3.9853833	85.36323	-11.867354	1.7275422	0.0018178296	0.0018152249	0.069034815	0.20784476	1.9358458e-05	-6.3186536	0.0018425047	2.0489928e-15	-18.420683	3.640206e-13	-1.993069	21.182224	705.3538	32804.73357820511
48	9.860224	7.764814	27.79312	-1.3361473	5.6124873	5.7611337	21.858332	-0.8486545	42.28846	91.520775	558.0	0.0	8.925	16.646904	80.0	0.0	1000.0	1000.0	5.0576925	2.9	64215.0	0.026210204081632653	2400004.0	-1.0077834	0.5092397	1.4116366	-14.180062	-1.00778	0.50921834	1.7645247	-14.649178	2.0281007	1.6705455	62.971813	-26.830214	1.1141225	5.696764	291.866	1e-08	1.9836123	3.962874	91.1009	-15.027857	1.5562897	0.001896919	0.0019014151	0.05901749	0.18544158	2.8363056e-05	-6.4377956	0.0016304501	1.6718922e-15	-18.420683	3.6092846e-13	-1.9836125	21.271343	697.86646	33502.50600361824
49	8.617758	6.95474	25.411772	-0.9367404	8.677649	7.889119	27.762144	-0.30828455	30.354166	53.27933	308.0	0.0	37.075	85.76841	466.0	0.0	1000.0	1000.0	4.25	4.5	66010.0	0.026404	2450004.0	-0.93233126	0.5123595	0.7417786	-19.536037	-0.9323299	0.5123835	0.8965435	-19.917568	2.0694883	1.6626092	77.12247	-14.714403	1.0521675	5.8346834	337.42654	1e-08	1.9936817	3.8181374	73.99272	-12.205866	1.7075564	0.0019262988	0.0019197242	0.055414423	0.17914145	1.0307361e-05	-6.5810733	0.0014010477	-1.7359348e-15	-18.420683	3.6145802e-13	-1.993682	20.914974	697.7479	34200.497467279434
50	9.493576	6.192275	24.52453	1.1195593	5.764485	6.1534534	25.567762	-1.1879458	39.76923	73.326355	477.0	0.0	77.8	176.33408	811.0	0.0	1000.0	1000.0	4.6923075	2.9	67740.0	0.02656470588235294	2500004.0	-0.87617165	0.5127079	2.1323876	-14.129601	-0.8761711	0.51275593	2.0615032	-13.991093	2.065589	1.6966014	50.438232	-13.761372	1.0996768	5.9463625	331.65417	1e-08	1.9971107	4.053998	77.97427	-12.834544	1.6671172	0.0018384247	0.0018260025	0.053379375	0.17506711	7.2353528e-06	-6.695353	0.0012596912	-1.6279312e-15	-18.420683	3.6420771e-13	-1.9971106	20.831707	698.16223	34899.68417143822
51	7.986936	7.1261315	23.388378	-0.8923099	4.5407557	5.635829	19.782413	-1.1045985	22.6875	66.81415	465.0	0.0	4.525	13.540656	60.0	0.0	1000.0	1000.0	3.9166667	2.425	68875.0	0.026490384615384617	2550004.0	-0.89052534	0.52488136	1.1152743	-12.44715	-0.89052725	0.5248904	0.92643833	-11.035039	2.0703917	1.6426888	61.30614	-19.52206	1.0197948	5.2580404	342.73965	1e-08	1.9814857	3.775735	87.69251	-13.684814	1.6682721	0.0019371121	0.0019403318	0.04870004	0.16726032	2.9257522e-05	-6.6240473	0.0013624043	-2.3721425e-15	-18.420683	3.664981e-13	-1.9814855	20.50101	698.7165	35597.203630685806
52	8.462915	6.3077836	24.36286	-0.97061104	9.220306	8.110704	25.193977	-0.7699924	27.557692	49.31548	313.0	0.0	47.5	100.49179	532.0	0.0	1000.0	1000.0	4.326923	4.925	70262.0	0.026513962264150943	2600004.0	-0.82145923	0.5035557	1.765819	-9.013202	-0.8214615	0.50356925	2.2378576	-9.179792	2.0633535	1.5916412	71.853325	-19.746122	1.0171536	4.857341	297.951	1e-08	2.0028172	3.5246615	88.46468	-14.077149	1.7617719	0.0016574014	0.0016538309	0.044961847	0.16223098	-2.645905e-06	-6.7276893	0.001210446	-5.195174e-15	-18.420683	3.7227074e-13	-2.002817	21.20784	710.07465	36307.23372197151
53	7.8667884	7.227832	23.4136	-2.41623	7.9428496	7.190511	23.069382	-0.8227241	12.270833	24.477663	151.0	0.0	30.675	105.522606	672.0	0.0	1000.0	1000.0	4.1458335	4.05	70867.0	0.026247037037037037	2650004.0	-0.70881337	0.4990944	1.0407257	-7.0496593	-0.7088125	0.49909067	0.8892226	-7.203169	2.0651534	1.5812166	50.15235	-22.577827	0.95911	4.677187	301.9167	1e-08	1.9857318	3.5535104	72.40296	-12.312661	1.6498058	0.0015768018	0.0015808163	0.042237975	0.1570134	1.9622687e-05	-6.773785	0.0011608232	-5.7472515e-15	-18.420683	3.8060633e-13	-1.9857318	20.8522	696.4385	37003.8067343235
54	7.6054044	6.244166	22.760666	-0.765901	6.788121	7.359997	26.240664	-0.91266274	24.25	47.026947	237.0	0.0	36.1	116.66165	653.0	0.0	1000.0	1000.0	3.8846154	3.45	72112.0	0.026222545454545453	2700004.0	-0.65461874	0.50889516	1.2731416	-8.773721	-0.65462077	0.5088876	1.3641284	-9.162676	2.0609307	1.5534602	49.249043	-18.840183	0.92989653	4.481707	221.1778	1e-08	1.9918503	3.5703382	75.973076	-12.328485	1.505291	0.0016963175	0.0016974643	0.040035672	0.15249617	1.0062275e-05	-6.880668	0.0010445156	-4.563731e-15	-18.420683	3.8887884e-13	-1.9918503	20.96054	696.0039	37699.84832406044
55	11.811996	8.342105	25.867014	-0.84592384	7.004963	6.2258253	22.422813	-0.5219414	29.166666	60.098297	388.0	0.0	19.375	43.46475	265.0	0.0	1000.0	1000.0	6.0	3.475	73512.0	0.026254285714285713	2750004.0	-0.61487037	0.50611985	2.213465	-9.042948	-0.6148714	0.50613403	2.040517	-8.453944	2.052978	1.5014678	44.110825	-23.810028	0.95622224	4.6953087	254.18219	1e-08	1.9883782	3.4177387	69.547676	-12.585144	1.4589797	0.0017037528	0.0017058939	0.03859897	0.15073231	1.2878214e-05	-6.8641133	0.0010591272	-4.9315245e-15	-18.420683	3.9598503e-13	-1.9883783	21.377151	698.0868	38397.78858089447
56	10.313668	7.3332014	26.70131	0.29382524	8.84598	8.052969	28.639378	-0.607839	17.692308	27.4251	158.0	0.0	10.95	21.348244	108.0	0.0	1000.0	1000.0	5.1923075	4.65	74432.0	0.026116491228070176	2800004.0	-0.5651999	0.52419466	2.171361	-9.137087	-0.5652003	0.5242302	1.955028	-9.947474	2.0396254	1.552766	56.78984	-16.675821	0.9824369	4.8656135	248.01108	1e-08	2.0021574	3.4431965	84.025734	-13.417591	1.433131	0.001875593	0.0018635495	0.04200844	0.15914686	5.7920994e-07	-6.9226165	0.0010017528	-4.803552e-15	-18.420683	4.0403236e-13	-2.0021572	18.921566	701.6142	39099.56388735771
57	10.587256	7.3896093	25.95196	-0.56928396	7.6541033	7.3368697	25.504652	-0.24634767	24.541666	36.712826	187.0	0.0	15.3	32.676598	177.0	0.0	1000.0	1000.0	5.1666665	3.825	75610.0	0.026072413793103447	2850004.0	-0.5950203	0.5461145	2.6589832	-10.578034	-0.5950192	0.5461858	2.253158	-9.981069	2.0300033	1.5378165	51.029484	-22.09922	1.0048401	4.941899	278.52936	1e-08	1.9981303	3.5386653	87.07852	-13.578898	1.4389384	0.0021351664	0.0021066377	0.04207841	0.15942213	3.966439e-06	-6.8642745	0.0010636278	-4.5643573e-15	-18.420683	4.1186905e-13	-1.9981303	21.097885	710.95996	39810.51459026337
58	9.715988	7.419283	24.262968	-0.3345468	6.162351	7.2636185	26.405113	-0.7212562	34.346153	79.85344	366.0	0.0	23.95	113.884796	726.0	0.0	1000.0	1000.0	5.0	3.15	77396.0	0.02623593220338983	2900004.0	-0.6173117	0.55229217	1.810205	-13.409578	-0.6173135	0.55228627	1.9856659	-12.95871	2.0212839	1.532428	37.2536	-22.589	1.0231228	4.9520235	257.05814	1e-08	2.0000365	3.4427118	74.63403	-13.112457	1.454161	0.0022284512	0.002229371	0.042198077	0.16037284	1.8150104e-06	-6.8727875	0.0010565642	-4.7096247e-15	-18.420683	4.1894082e-13	-2.0000365	21.103283	699.963	40510.43772149086
59	8.456978	7.1541047	24.038849	-0.80844325	5.0782294	6.554668	23.761726	-0.42648745	20.333334	45.12452	293.0	0.0	10.775	30.083624	174.0	0.0	1000.0	1000.0	4.2916665	2.55	78410.0	0.026136666666666666	2950004.0	-0.6001704	0.54048467	1.9770277	-15.354547	-0.60017025	0.5405365	1.9241948	-15.821493	2.0067139	1.6154891	38.659126	-23.733858	1.0408298	4.8255014	279.69556	1e-08	1.9870347	3.4765105	100.35729	-13.813771	1.558663	0.0021227703	0.0021021976	0.04685572	0.17248738	1.7660015e-05	-6.8326464	0.0010955383	-5.9754647e-15	-18.420683	4.278563e-13	-1.9870347	21.45832	698.45276	41208.95202970505
60	6.0538473	6.4302297	23.22862	-0.94906944	8.303081	7.8297324	25.358423	-0.06019924	15.596154	43.752037	281.0	0.0	53.125	146.64091	805.0	0.0	1000.0	1000.0	3.1153846	4.175	79183.0	0.025961639344262294	3000004.0	-0.536883	0.5544659	2.016396	-14.683232	-0.5368799	0.5545105	2.4576867	-14.120836	2.0009265	1.6751573	44.493782	-21.932476	1.0200171	4.8196874	273.70703	1e-08	1.9950277	3.519458	90.75691	-12.582538	1.580331	0.0021819118	0.0021526443	0.049852505	0.17987205	7.63629e-06	-6.7892923	0.001138535	-7.041036e-15	-18.420683	4.3985667e-13	-1.9950277	20.956287	699.4173	41909.5812060833
61	8.0405035	7.7219715	22.392641	-0.5039951	5.0356927	6.1026535	24.026297	-1.1427989	12.0	17.914146	70.0	0.0	6.125	10.4837675	50.0	0.0	1000.0	1000.0	4.0416665	2.575	79868.0	0.025763870967741936	3050004.0	-0.56424725	0.60496885	1.3643924	-15.25571	-0.56425315	0.6050182	1.5437298	-15.251248	1.9932784	1.6764683	33.927998	-18.88203	1.0421903	5.034554	287.78226	1e-08	2.0002718	3.5614185	96.07959	-14.173587	1.572455	0.0025202408	0.0024988425	0.050621036	0.18170555	1.7990983e-06	-6.7016764	0.0012480234	-6.5011587e-15	-18.420683	4.5163875e-13	-2.0002718	21.354416	706.4364	42614.652351140976
62	8.621546	8.270227	27.597727	-1.0866743	6.335817	5.915393	20.662617	-1.2202113	19.461538	63.487873	454.0	0.0	20.5	87.40366	559.0	0.0	1000.0	1000.0	4.423077	3.275	80771.0	0.0256415873015873	3100004.0	-0.58311397	0.6384067	1.9387794	-18.496183	-0.5831125	0.6384614	1.5250976	-19.526957	2.0050316	1.6587266	36.01825	-17.03309	1.0047164	5.025231	291.74695	1e-08	1.9904503	3.6083136	78.300476	-12.511244	1.5926683	0.0027435839	0.0027291675	0.04885695	0.17881522	1.3064302e-05	-6.850375	0.0010799882	-6.8300332e-15	-18.420683	4.635122e-13	-1.9904503	21.449333	705.5675	43320.325144290924
63	8.996368	6.627995	23.951239	-0.6568098	6.759706	6.070419	20.748968	-0.77806026	14.791667	20.007248	95.0	0.0	17.025	41.46474	226.0	0.0	1000.0	1000.0	4.4791665	3.575	81531.0	0.0254784375	3150004.0	-0.6112103	0.6708501	2.284799	-21.18528	-0.61120725	0.6709645	2.2037652	-21.730894	2.0004606	1.6708574	37.23484	-13.558833	1.0237429	5.12757	290.83228	1e-08	1.99621	3.6356294	75.553375	-14.147443	1.6296153	0.003123316	0.0030843872	0.04957189	0.17943525	5.1577986e-06	-6.837862	0.0011002125	-7.0341555e-15	-18.420683	4.775741e-13	-1.9962099	21.284445	698.46045	44018.854384183884
64	9.4252	8.077736	27.00187	-1.1575505	7.117067	7.3375063	26.847912	-0.28625673	36.25	78.727104	418.0	0.0	16.975	41.747746	256.0	0.0	1000.0	1000.0	4.923077	3.575	83366.0	0.025651076923076922	3200004.0	-0.7017642	0.69431716	2.2812483	-36.183308	-0.70176405	0.6945901	2.2240906	-36.666992	1.983219	1.7003062	41.287308	-12.300029	1.0787048	5.357505	329.6053	1e-08	2.0016396	3.574954	91.291595	-16.409082	1.6900364	0.0037356731	0.003619568	0.05198334	0.18453497	-1.1332178e-06	-6.7034087	0.0012429823	-6.082762e-15	-18.420683	4.895679e-13	-2.0016396	20.994099	700.1845	44719.04290175438
65	9.246609	7.2174664	21.518497	-0.6631347	4.7223463	5.6872754	23.245008	-0.7679644	22.895834	38.429176	178.0	0.0	8.975	27.067036	151.0	0.0	1000.0	1000.0	4.5416665	2.325	84480.0	0.0256	3250004.0	-0.7617155	0.69285715	1.9675958	-27.305645	-0.76172143	0.69290996	1.9454219	-27.593285	1.9650047	1.7577801	41.479637	-13.37301	1.118214	5.5259776	351.83835	1e-08	1.9967372	3.5295267	83.332886	-14.471452	1.7327654	0.003625805	0.0035785083	0.054869898	0.18961129	6.654322e-06	-6.5985026	0.0013835166	-5.311037e-15	-18.420683	5.010708e-13	-1.9967372	21.41063	700.8473	45419.80202746391
66	7.9117985	6.9443836	24.292036	-0.202822	7.452132	8.446629	26.159369	-2.6470995	12.711538	23.517862	100.0	0.0	3.35	7.3503394	32.0	0.0	1000.0	1000.0	3.9423077	3.95	85126.0	0.025410746268656716	3300004.0	-0.7402718	0.66677755	1.5964888	-18.545298	-0.7402691	0.666859	1.5845126	-20.078217	1.9493941	1.8038188	38.591835	-18.181381	1.1276314	5.3852754	291.65256	1e-08	1.9906976	3.5689902	75.394035	-13.050528	1.6741569	0.003174604	0.0031724935	0.057283547	0.19405954	1.6600732e-05	-6.5683055	0.0014228343	-4.2402817e-15	-18.420683	5.1021833e-13	-1.9906975	21.039867	704.98444	46124.76188373566
67	10.019752	7.8769245	25.907846	-0.76119506	8.532528	7.1040473	24.796223	-0.64028704	16.645834	29.69041	158.0	0.0	8.775	17.380287	90.0	0.0	1000.0	1000.0	5.0416665	4.275	86037.0	0.025305	3350004.0	-0.66238654	0.649349	6.3093867	-16.930117	-0.6623837	0.64934736	4.924139	-17.384254	1.9504678	1.7950473	46.885025	-20.565844	1.1584015	5.699582	259.2999	1e-08	1.979039	3.4903224	77.75673	-13.151546	1.6568815	0.0030476209	0.0030578522	0.057263747	0.19340646	2.8064322e-05	-6.56168	0.0014390927	-5.597753e-15	-18.420683	5.199076e-13	-1.979039	21.133118	706.4358	46831.08711194992
68	12.463594	7.1081963	24.49629	-0.22346222	13.664713	8.742371	26.60243	0.13983938	15.942307	24.601763	111.0	0.0	23.525	55.73912	353.0	0.0	1000.0	1000.0	6.1923075	6.65	86754.0	0.02514608695652174	3400004.0	-0.55001295	0.6528313	4.377037	-22.4391	-0.55001366	0.6528551	4.570447	-22.1888	1.9611645	1.7952284	47.342346	-22.532082	1.1356329	5.7277403	253.76663	1e-08	2.011113	3.4669557	79.22607	-12.193503	1.5906135	0.0028752915	0.0028499991	0.057136778	0.19538179	-1.3535752e-05	-6.71994	0.0012354135	-6.7493584e-15	-18.420683	5.339727e-13	-2.0111132	20.85611	702.5963	47533.93098139763
69	11.446006	7.4381337	24.140408	-0.3355427	10.431837	9.320783	26.528744	-1.1716319	13.104167	22.643284	90.0	0.0	8.725	14.823947	57.0	0.0	1000.0	1000.0	5.7291665	5.45	87418.0	0.024976571428571428	3450004.0	-0.47597143	0.68499964	3.161628	-31.410437	-0.4759787	0.6852245	3.111871	-33.886703	1.9642825	1.7914107	42.18438	-25.594276	1.1283952	5.7975655	249.09805	1e-08	1.9790024	3.5725648	89.34137	-12.167841	1.5661778	0.0032901312	0.003231516	0.057108525	0.19389267	3.1565858e-05	-6.7359123	0.0012100863	-7.89814e-15	-18.420683	5.4986733e-13	-1.9790025	19.987373	700.6098	48234.321340322495
70	10.332956	7.0263453	24.649008	-1.1935151	9.492513	8.572464	27.505396	-0.3035426	37.846153	101.930664	673.0	0.0	28.925	136.34174	877.0	0.0	1000.0	1000.0	5.076923	4.975	89351.0	0.02516929577464789	3500004.0	-0.4784557	0.68869567	2.3218942	-37.894073	-0.47845277	0.68873787	2.1449254	-36.995785	1.9669003	1.7738073	47.091484	-27.74023	1.1075239	5.6669145	251.2378	1e-08	1.9951261	3.4544945	77.26043	-13.064863	1.5560997	0.0035062823	0.0034791005	0.058652773	0.19576262	8.07842e-06	-6.6983533	0.0012556054	-8.18509e-15	-18.420683	5.67718e-13	-1.9951259	19.171001	701.99963	48937.66232132912
71	8.165132	6.1078553	22.506813	-0.51382583	9.944773	8.80142	25.946796	-0.5407496	26.833334	37.94642	160.0	0.0	37.575	96.44891	469.0	0.0	1000.0	1000.0	4.0833335	5.075	90639.0	0.0251775	3550004.0	-0.4826196	0.68645823	3.7634296	-24.107689	-0.48261458	0.6865974	3.8875828	-23.3509	1.9645243	1.8109742	46.89168	-29.656048	1.1224217	5.913828	261.7348	1e-08	1.9861938	3.5417223	97.00069	-12.9521475	1.5376765	0.0034369635	0.0033774422	0.05985332	0.19896826	2.027988e-05	-6.6856775	0.0012723947	-7.3875605e-15	-18.420683	5.851614e-13	-1.986194	19.381123	708.6798	49645.016070604324
72	9.801775	8.181369	26.014496	-0.5798287	10.501017	8.181285	27.080858	-0.12632379	16.961538	25.290588	105.0	0.0	9.125	15.023627	56.0	0.0	1000.0	1000.0	4.9423075	5.225	91521.0	0.025074246575342466	3600004.0	-0.49414414	0.67555755	4.3248887	-22.614233	-0.49414814	0.6756212	4.2994146	-23.222721	1.963038	1.8171983	44.311623	-22.835293	1.1283945	6.0419993	269.48453	1e-08	2.0113196	3.4967024	79.5379	-13.767767	1.5925015	0.0032495956	0.0032237682	0.06117283	0.20227246	-1.5788792e-05	-6.6620793	0.0012996387	-8.532039e-15	-18.420683	6.043389e-13	-2.0113196	20.489262	702.4154	50347.3916721344
73	12.156964	8.194711	25.72923	-0.5947158	8.62983	7.3808866	24.921307	-0.5428859	14.666667	24.713636	156.0	0.0	21.55	71.786476	456.0	0.0	1000.0	1000.0	6.0833335	4.3	92261.0	0.024935405405405404	3650004.0	-0.44934386	0.6644367	2.6243734	-15.378777	-0.44934407	0.664453	2.2401092	-16.98419	1.9649341	1.7977294	49.196762	-29.872587	1.1242342	6.0209684	269.24246	1e-08	1.9725863	3.4334052	87.86227	-11.608835	1.5569359	0.0029838886	0.0029987653	0.061407443	0.20211707	4.1937496e-05	-6.6842513	0.0012759005	-9.440448e-15	-18.420683	6.255334e-13	-1.9725863	21.09933	707.4138	51054.87599730492
74	11.369643	8.058877	25.121784	-1.9789758	12.246122	8.294973	25.99011	-0.20887789	22.865385	54.624607	389.0	0.0	24.525	64.24561	391.0	0.0	1000.0	1000.0	5.769231	6.125	93414.0	0.0249104	3700004.0	-0.36992374	0.6866511	2.8879914	-30.812296	-0.36992323	0.68671125	3.2530973	-31.227568	1.9695776	1.8043433	47.575203	-31.060442	1.1496294	6.395427	280.2977	1e-08	1.9984939	3.448552	77.517654	-12.541375	1.5085212	0.003174538	0.0031605903	0.06192541	0.20204459	5.0551957e-06	-6.660163	0.0013087671	-1.0179455e-14	-18.420683	6.517821e-13	-1.9984938	21.292282	701.3363	51756.343317747116
75	12.319363	8.023403	26.352892	-0.67949164	6.03697	6.865764	25.117722	-0.52801687	15.9375	27.24687	146.0	0.0	32.55	72.08015	353.0	0.0	1000.0	1000.0	6.2083335	2.975	94189.0	0.02478657894736842	3750004.0	-0.37024906	0.7043199	3.078938	-30.147444	-0.37024897	0.70429534	3.1294184	-31.327177	1.959395	1.8357795	41.713356	-37.817333	1.1803802	6.5370307	274.5409	1e-08	1.9939692	3.4867303	74.82483	-14.23966	1.50545	0.0033288451	0.0033411938	0.064125694	0.20760804	1.0664762e-05	-6.662431	0.0013064374	-9.691088e-15	-18.420683	6.773498e-13	-1.9939693	20.472536	700.5708	52456.72291278839
76	8.156993	7.7796693	23.769846	-0.47984684	6.9615326	8.01745	26.98266	-0.45490783	8.192307	17.79049	98.0	0.0	8.125	27.365295	171.0	0.0	1000.0	1000.0	4.173077	3.575	94605.0	0.024572727272727274	3800004.0	-0.39281976	0.7224837	2.2244	-24.276535	-0.39281976	0.7225187	2.602308	-27.58483	1.9635062	1.8428929	55.971024	-20.454344	1.1881056	6.646736	273.11636	1e-08	1.9762025	3.6655102	100.602234	-12.408901	1.5745475	0.0035001922	0.003500124	0.063497834	0.20844278	4.028356e-05	-6.486123	0.0015607489	-1.1203152e-14	-18.420683	7.059883e-13	-1.9762025	21.103024	706.9107	53163.71271729469
77	9.070514	7.4863677	23.927769	-0.084818885	7.3998747	7.788748	24.739614	-1.1204628	11.6875	16.757034	73.0	0.0	13.8	25.493334	101.0	0.0	1000.0	1000.0	4.5833335	3.825	95239.0	0.02442025641025641	3850004.0	-0.37951583	0.7168406	1.4371424	-28.202393	-0.37951434	0.71678334	1.5673784	-27.254261	1.9685675	1.8387778	52.835712	-21.657764	1.1562712	6.5685334	305.95306	1e-08	2.0014768	3.4909434	85.34124	-12.05398	1.5094126	0.0037010438	0.003718722	0.06299165	0.20975961	1.170826e-06	-6.599014	0.0013853413	-1.0817054e-14	-18.420683	7.375442e-13	-2.0014772	21.652296	701.44086	53865.10284256935
78	10.377474	7.328637	24.330061	-0.70785326	9.924067	8.00919	26.110762	-1.0598832	13.903846	26.49765	124.0	0.0	14.4	23.966434	98.0	0.0	1000.0	1000.0	5.326923	5.0	95889.0	0.024275696202531647	3900004.0	-0.35837722	0.7207943	6.3425817	-19.797415	-0.35837704	0.7208306	6.160186	-19.690596	1.9596081	1.8424841	45.178898	-29.761192	1.179499	6.7281885	350.6963	1e-08	1.9953163	3.5897899	74.298546	-12.105814	1.4515587	0.003697755	0.0036685432	0.061972637	0.20700838	8.541572e-06	-6.5450587	0.0014635498	-1.0123578e-14	-18.420683	7.710888e-13	-1.9953159	21.330778	709.55255	54574.651804447174
79	12.815192	7.8180017	24.995502	-0.15506405	7.3525724	7.574409	25.418076	-0.26686436	12.208333	16.556667	70.0	0.0	4.8	11.106755	57.0	0.0	1000.0	1000.0	6.4583335	3.7	96475.0	0.02411875	3950004.0	-0.32130834	0.7109977	6.5603933	-19.474268	-0.3213087	0.71098894	6.487393	-18.608196	1.9578369	1.8546851	58.533234	-25.387844	1.1493763	6.556451	361.04327	1e-08	1.983299	3.5812962	81.29872	-12.195854	1.4378592	0.0033686743	0.0033601548	0.06336787	0.20899056	2.8891316e-05	-6.543645	0.0014730783	-1.0972022e-14	-18.420683	8.0172723e-13	-1.9832988	21.467442	700.8937	55275.614617824554
80	11.462256	7.36813	24.127535	-0.41499913	9.318581	8.83681	26.80223	-0.6137302	21.076923	30.742634	128.0	0.0	5.225	11.529284	47.0	0.0	1000.0	1000.0	5.6346154	4.725	97571.0	0.024091604938271605	4000004.0	-0.2707504	0.67926097	4.4800644	-12.30264	-0.2707503	0.6792483	4.040229	-12.401117	1.9697065	1.8303093	55.77992	-18.358742	1.1344672	6.709935	333.4823	1e-08	1.9910305	3.500904	84.16232	-13.036736	1.4577022	0.0029547873	0.0029585387	0.0617173	0.20657472	1.3123591e-05	-6.6480293	0.0013149834	-1.4137961e-14	-18.420683	8.4243853e-13	-1.9910305	20.97017	708.254	55984.755809783936
81	10.397708	7.2266088	23.775595	-0.27440384	8.268402	7.9225516	25.927761	-0.78173	13.270833	19.60627	100.0	0.0	6.675	15.023959	84.0	0.0	1000.0	1000.0	5.125	4.225	98239.0	0.023960731707317072	4050004.0	-0.14559507	0.67448866	2.2731535	-12.470391	-0.145595	0.674515	2.197592	-11.367402	1.9751	1.8305347	43.288406	-23.338326	1.1057972	6.6226153	335.6507	1e-08	2.0057116	3.518188	83.66637	-14.235529	1.3222133	0.0027375896	0.0027272627	0.062330414	0.20865703	-5.162736e-06	-6.568892	0.0014285358	-1.4724045e-14	-18.420683	8.933328e-13	-2.0057113	20.893417	704.2195	56688.16168808937
82	11.111309	7.713162	27.365282	-0.48935315	13.435679	9.028043	27.767178	-0.008524179	10.692307	15.805961	88.0	0.0	16.25	21.17398	86.0	0.0	1000.0	1000.0	5.480769	6.6	98764.0	0.02379855421686747	4100004.0	-0.043336805	0.7011674	3.5022924	-12.578749	-0.043337353	0.7011708	3.5632005	-11.668179	1.9804837	1.8060335	41.13727	-19.980347	1.0735081	6.470674	330.46216	1e-08	1.9880935	3.5986605	91.42312	-12.040613	1.2209351	0.002996413	0.0030016608	0.062268555	0.20695947	1.8976601e-05	-6.579038	0.0014135141	-1.6543204e-14	-18.420683	9.501341e-13	-1.9880935	21.136604	702.33545	57390.4293282032
83	10.664361	7.2195215	24.550022	-0.44722435	13.276672	8.796381	27.236689	-0.15264535	14.479167	23.275515	90.0	0.0	9.275	15.88236	81.0	0.0	1000.0	1000.0	5.0208335	6.65	99520.0	0.023695238095238096	4150004.0	0.013878543	0.7119975	2.4316013	-10.395086	0.0138807325	0.7120167	2.7511394	-11.205703	1.9757268	1.8065131	40.053772	-13.421009	1.1197249	6.8408537	358.8795	1e-08	1.9993975	3.5878701	105.4209	-14.50963	1.1798289	0.0030135706	0.002999738	0.062338594	0.20741682	3.7698549e-06	-6.5112877	0.0015052982	-1.7703097e-14	-18.420683	1.0232483e-12	-1.9993972	21.323124	707.1	58097.64598274231
84	13.553872	7.197569	24.885433	-0.4861969	12.191355	9.439079	28.758627	-0.25705132	17.307692	19.645452	89.0	0.0	11.75	17.996876	70.0	0.0	1000.0	1000.0	6.6153846	6.175	100359.0	0.023613882352941176	4200004.0	0.07727377	0.70764816	1.8199072	-14.169607	0.0772717	0.70766276	1.7598492	-12.9934225	1.9620856	1.8028495	44.868137	-22.053848	1.1262451	6.8536515	380.66617	1e-08	1.9982822	3.479302	87.65017	-14.786618	0.9993541	0.0029599112	0.0029464893	0.06321654	0.20864391	4.6016007e-06	-6.5158663	0.0014936326	-1.4217689e-14	-18.420683	1.0865741e-12	-1.9982822	21.141907	704.22736	58801.77457690239
85	15.268899	7.7002573	26.228443	-1.1999218	12.225349	8.956133	26.758818	-0.15832093	16.729166	21.96374	80.0	0.0	18.475	55.435993	340.0	0.0	1000.0	1000.0	7.6875	6.0	101205.0	0.023536046511627908	4250004.0	0.12747432	0.73499775	1.7569014	-16.931192	0.12747595	0.73500407	1.8022637	-16.724854	1.9677067	1.783853	42.224216	-18.649427	1.1189177	6.792565	355.12622	1e-08	1.9818008	3.398204	78.30912	-14.861762	0.9967347	0.0031859118	0.0031954444	0.061742026	0.20500456	2.9051771e-05	-6.534512	0.0014739105	-1.7835895e-14	-18.420683	1.159254e-12	-1.9818007	21.154484	709.6584	59511.41658949852
86	13.566478	7.6562185	26.560202	-0.04743261	13.891214	9.403124	28.456062	-0.31378147	21.942308	34.492706	167.0	0.0	44.9	152.97905	901.0	0.0	1000.0	1000.0	6.480769	7.0	102303.0	0.02351793103448276	4300004.0	0.15612793	0.7452232	1.7445886	-18.401123	0.15612824	0.7452326	1.7391028	-18.01374	1.9635323	1.7754598	45.140656	-24.006748	1.0683206	6.359729	325.51285	1e-08	2.0054846	3.3983831	87.10489	-12.970039	0.84631795	0.0031341875	0.0031313053	0.061082754	0.203552	-3.6602294e-06	-6.509582	0.0015098224	-1.3766208e-14	-18.420683	1.2347661e-12	-2.0054846	21.267954	703.7527	60215.12447023392
87	17.642597	6.8470726	27.87363	-0.03151277	8.284104	7.602662	24.899494	-0.3710153	17.708334	21.799232	95.0	0.0	39.025	148.76297	837.0	0.0	1000.0	1000.0	8.541667	3.975	103166.0	0.023446818181818183	4350004.0	0.2144096	0.75118846	1.8680389	-19.47847	0.21440932	0.7512658	1.9777734	-19.341015	1.979714	1.7511276	50.244553	-24.803381	0.9974145	6.0578413	347.73196	1e-08	1.994581	3.368003	114.95091	-13.380633	0.8093279	0.0030661367	0.003014088	0.0597525	0.2001622	9.702348e-06	-6.582009	0.0014036204	-1.764875e-14	-18.420683	1.3087643e-12	-1.9945812	21.299246	702.39136	60917.72404742241
88	14.389027	8.1114855	27.102688	-0.47249013	13.291948	8.829066	28.70517	-0.3268541	16.576923	21.391357	81.0	0.0	26.3	30.85709	108.0	0.0	1000.0	1000.0	7.0961537	6.2	104015.0	0.023374157303370786	4400004.0	0.30845654	0.72891206	1.99156	-16.178505	0.3084557	0.7289574	2.0082436	-15.291909	1.9852606	1.7448562	45.94291	-21.420555	0.9983118	6.0009356	301.43826	1e-08	2.0001578	3.3204687	85.14378	-11.990747	0.7071701	0.0028931878	0.0028615315	0.058595955	0.19946234	2.0927585e-06	-6.529774	0.0014709863	-1.8506896e-14	-18.420683	1.4145164e-12	-2.0001578	21.242418	710.16003	61627.53036880493
89	14.066452	7.3712535	26.166925	0.1213126	15.761937	9.082337	29.351181	0.14148611	35.729168	101.82721	693.0	0.0	89.875	215.9001	901.0	0.0	1000.0	1000.0	6.8333335	7.775	105785.0	0.023507777777777777	4450004.0	0.3161903	0.7269112	2.0882196	-16.835705	0.31618923	0.72692746	2.0832167	-16.482075	1.9899904	1.7304958	44.518913	-15.204837	0.95210516	5.9410324	351.50113	1e-08	1.9933416	3.3537478	67.072334	-13.678407	0.6566043	0.0030783587	0.0030649106	0.057997607	0.19755058	1.2758704e-05	-6.531025	0.0014838887	-1.7833784e-14	-18.420683	1.5248528e-12	-1.9933417	21.616545	705.74255	62333.54531764984
90	13.460761	8.376666	26.440678	-0.36310288	10.84321	9.071652	25.733677	-0.26372463	13.788462	16.49981	57.0	0.0	35.375	134.05608	855.0	0.0	1000.0	1000.0	6.519231	5.2	106447.0	0.023394945054945056	4500004.0	0.32744637	0.72772634	2.1490252	-12.893912	0.3274461	0.7277434	2.1405277	-12.700106	1.9886572	1.7080173	45.952507	-18.877615	0.96088964	6.290819	398.23618	1e-08	1.99062	3.385456	81.46207	-11.905369	0.6668949	0.0030118437	0.003001551	0.05621047	0.19172929	1.5567552e-05	-6.627621	0.0013453591	-2.1668953e-14	-18.420683	1.6389614e-12	-1.99062	21.357494	710.97107	63045.49341011047
91	12.0789	7.9786415	26.750538	-0.8459498	14.644888	9.979887	26.738352	-0.0009496066	21.458334	45.735634	308.0	0.0	15.35	23.677576	90.0	0.0	1000.0	1000.0	5.8541665	7.2	107530.0	0.023376086956521738	4550004.0	0.3435417	0.7761416	2.3243034	-18.713583	0.34354126	0.7761753	2.3482318	-17.81744	1.9878507	1.674573	42.386955	-22.010105	0.9740511	6.528691	453.6046	1e-08	1.9838855	3.3411481	84.775635	-13.990537	0.619916	0.0036673206	0.0036252823	0.05583884	0.18918097	2.4594026e-05	-6.543255	0.0014631054	-2.3118851e-14	-18.420683	1.7978633e-12	-1.9838853	21.533318	704.2787	63748.61651515961
92	14.670055	7.7381344	26.297966	0.28028697	14.784433	8.629598	27.407705	0.41685334	27.73077	38.30049	205.0	0.0	15.825	18.978788	64.0	0.0	1000.0	1000.0	7.1346154	7.5	108919.0	0.023423440860215052	4600004.0	0.40183762	0.7818904	3.7673144	-20.60923	0.4018396	0.7819073	3.8214464	-23.845173	1.9875612	1.6419165	36.207767	-16.886168	0.9220759	5.914803	406.872	1e-08	2.0050902	3.2121384	76.059456	-14.629652	0.46358472	0.0034802074	0.0034896934	0.055476602	0.1883445	-2.9530784e-06	-6.5184216	0.0015042874	-2.0291706e-14	-18.420683	1.9655041e-12	-2.00509	21.48074	705.3484	64454.14604520798
93	12.662258	8.585253	26.166014	-0.37334126	16.348318	9.255877	27.711918	-0.7672113	22.5	30.824774	126.0	0.0	20.0	35.219315	204.0	0.0	1000.0	1000.0	6.0208335	8.15	110035.0	0.023411702127659573	4650004.0	0.49269536	0.7670092	4.8261566	-11.169648	0.49269882	0.7670395	4.5303545	-11.423452	2.0044303	1.6065251	37.329174	-9.521758	0.8403625	5.4943438	406.30817	1e-08	1.9951463	3.1760044	86.80049	-13.400502	0.2844062	0.0029464634	0.0029242716	0.05259961	0.18271852	9.911968e-06	-6.5392914	0.0014631854	-1.7714571e-14	-18.420683	2.1092492e-12	-1.9951464	20.606022	705.19653	65159.416880607605
94	14.66593	8.045474	26.4384	0.12416267	14.460895	9.245766	27.482624	0.4354089	24.788462	53.634567	381.0	0.0	53.675	146.65392	925.0	0.0	1000.0	1000.0	7.2115383	7.1	111288.0	0.023429052631578948	4700004.0	0.56685036	0.7371826	2.1006324	-12.046861	0.5668497	0.7371976	2.1247382	-12.54392	2.022095	1.5906969	38.309875	-12.126837	0.8050303	5.3807693	447.71564	1e-08	1.9981022	3.0261736	76.40959	-13.250679	0.31376952	0.0026656426	0.0026590393	0.05211332	0.18279496	5.15034e-06	-6.5254207	0.0014839972	-2.8855384e-14	-18.420683	2.3178284e-12	-1.9981022	21.794771	711.29156	65870.56596136093
95	13.672088	8.362259	26.40487	-4.1685057	13.745397	9.890591	28.371244	0.37558344	35.833332	106.88903	690.0	0.0	55.875	154.32484	918.0	0.0	1000.0	1000.0	6.625	6.65	113008.0	0.023543333333333333	4750004.0	0.6157769	0.7118925	2.1135557	-13.252897	0.615776	0.7119105	2.1273966	-13.790441	2.023198	1.56224	34.009434	-11.100467	0.8052311	5.425949	341.23563	1e-08	1.9971318	3.0067468	77.25468	-12.550861	0.2250716	0.002365309	0.0023525122	0.051339544	0.1801147	6.2762083e-06	-6.562729	0.0014313508	-2.993496e-14	-18.420683	2.6209523e-12	-1.9971323	21.183994	711.443	66581.98190665245
96	14.032984	8.590627	28.585674	0.10378907	8.248079	7.6184664	25.634628	-0.057766307	33.134617	64.51268	297.0	0.0	5.875	13.141894	59.0	0.0	1000.0	1000.0	6.75	4.125	114731.0	0.023655876288659793	4800004.0	0.656032	0.7279657	2.209337	-12.039845	0.65603626	0.7280021	2.21496	-11.908402	2.0207539	1.5521789	37.05041	-10.311795	0.8213441	5.7856894	363.37073	1e-08	1.9939735	3.1249735	89.726974	-12.6156845	0.18076544	0.0024903866	0.0024690425	0.051464286	0.18049891	1.0989213e-05	-6.5684376	0.0014220384	-3.528748e-14	-18.420683	2.9535114e-12	-1.9939735	21.536366	706.4905	67288.49337410927
97	13.775578	7.95707	25.101149	0.03531577	13.497259	9.374734	27.777935	0.32858503	17.833334	30.836487	163.0	0.0	14.125	48.33383	306.0	0.0	1000.0	1000.0	6.625	6.65	115598.0	0.023591428571428572	4850004.0	0.6876476	0.7346591	2.3154573	-15.291621	0.6876464	0.7346535	2.3227022	-15.112816	2.0323648	1.4939079	34.271023	-17.423586	0.761525	5.357332	357.40582	1e-08	1.996544	2.9787855	81.22737	-13.930797	0.10760862	0.0026749708	0.0026753186	0.04950663	0.17457505	6.54786e-06	-6.535579	0.0014713022	-4.072193e-14	-18.420683	3.4574012e-12	-1.996544	21.464012	705.10297	67993.59083032608
98	11.9999075	7.9140954	25.339733	-0.08134752	13.485544	9.499774	30.440197	0.18804473	11.076923	25.377037	166.0	0.0	29.775	80.15344	404.0	0.0	1000.0	1000.0	5.6153846	6.6	116163.0	0.02346727272727273	4900004.0	0.7427907	0.7224775	2.2361586	-18.727844	0.74278873	0.7225086	2.2404304	-18.176453	2.0410182	1.4632164	47.952652	-16.011631	0.73791623	5.277224	402.40588	1e-08	1.98832	2.9363058	68.59165	-12.577985	0.021897413	0.002819782	0.0028047303	0.048382618	0.17182659	2.1109427e-05	-6.5498796	0.0014459123	-4.592838e-14	-18.420683	4.090849e-12	-1.9883201	21.44807	706.0612	68699.84064102173
99	16.478424	7.5451136	26.75668	2.9922335	14.996767	9.178251	27.031319	0.06905841	22.791666	32.90324	152.0	0.0	19.3	46.195347	267.0	0.0	1000.0	1000.0	8.0625	7.55	117305.0	0.023461	4950004.0	0.76704204	0.71745044	2.2959685	-12.026391	0.767042	0.7174398	2.3104384	-11.793546	2.0478427	1.4880526	41.990013	-16.731562	0.7435042	5.3266854	453.37238	1e-08	1.998124	2.8931968	73.370804	-12.252868	0.12028169	0.0026796863	0.002683903	0.050955273	0.17506802	4.9541773e-06	-6.57968	0.0014013354	-7.867763e-14	-18.420683	5.2432663e-12	-1.9981242	21.063293	717.5262	69418.29555487633
