Epoch	AverageEpRet	StdEpRet	MaxEpRet	MinEpRet	AverageTestEpRet	StdTestEpRet	MaxTestEpRet	MinTestEpRet	AverageEpCost	StdEpCost	MaxEpCost	MinEpCost	AverageTestEpCost	StdTestEpCost	MaxTestEpCost	MinTestEpCost	EpLen	TestEpLen	EpGoals	TestEpGoals	CumulativeCost	CostRate	TotalEnvInteracts	AverageQR1Vals	StdQR1Vals	MaxQR1Vals	MinQR1Vals	AverageQR2Vals	StdQR2Vals	MaxQR2Vals	MinQR2Vals	AverageQCVals	StdQCVals	MaxQCVals	MinQCVals	AverageLogPi	StdLogPi	MaxLogPi	MinLogPi	LossPi	LossQR1	LossQR2	LossQC	LossAlpha	LogAlpha	Alpha	LossBeta	LogBeta	Beta	PiEntropy	TestTime	EpochTime	TotalTime
1	-0.39288512	2.5831878	7.6972814	-7.3472037	0.51147234	1.0400229	3.1219091	-0.8647277	60.229168	104.7917	594.0	0.0	73.35	189.80246	906.0	0.0	1000.0	1000.0	0.41666666	0.3	2891.0	0.02891	50004.0	-2.384445	1.442308	1.8866363	-16.659075	-2.4275758	1.3577652	1.6276551	-16.54173	1.6280595	3.0050814	27.760878	-2.9583576	0.5267541	2.3852236	49.47834	-12.300489	2.896794	0.09066819	0.07806635	0.04518535	0.20238662	-3.340028	0.11734848	0.081861384	-7.9777093	0.024630798	-0.5267541	9.635124	145.61346	146.42486572265625
2	2.0993035	2.5978274	8.689321	-2.7561104	1.5742255	2.592742	8.688022	-1.8290364	26.423077	67.91096	452.0	0.0	70.9	122.02188	530.0	0.0	1000.0	1000.0	1.0576923	0.875	4265.0	0.028433333333333335	100004.0	-1.8488537	0.6398367	0.31109923	-10.794188	-1.8488626	0.6397815	0.13457896	-11.10508	2.4678216	2.4137235	33.843372	-4.067451	1.927175	3.8495538	51.025112	-13.820914	1.953301	0.0009589166	0.0009752768	0.03171361	0.00018945678	-6.2809377	0.0019285828	5.858236e-07	-12.035382	1.528018e-05	-1.9271753	9.093997	147.42892	293.9097273349762
3	2.8690531	2.4321582	8.745931	-0.97693086	1.6053203	1.6369438	5.544499	-1.9124467	80.145836	172.47644	816.0	0.0	38.1	119.835686	692.0	0.0	1000.0	1000.0	1.4166666	0.85	8270.0	0.04135	150004.0	-1.2920253	0.4040371	0.76761067	-4.705116	-1.2920275	0.4040127	0.7337302	-4.7017045	2.4898057	2.4418604	37.232727	-7.753805	2.0033803	3.8626745	56.985626	-14.237682	1.9709532	0.00051441696	0.0005233783	0.04050368	2.948761e-08	-6.2452383	0.0019894568	1.1942861e-09	-17.0384	9.365616e-08	-2.0033805	17.726109	253.32181	547.4591863155365
4	3.5199568	3.5669434	12.028369	-6.2178507	2.7089467	2.6861372	8.736762	-0.9703928	37.96154	51.407104	295.0	0.0	60.925	134.65779	633.0	0.0	1000.0	1000.0	1.75	1.425	10086.0	0.040344	200004.0	-0.9906726	0.3737761	1.0670093	-3.4479601	-0.9906709	0.37377566	1.0629755	-3.428213	2.4821503	2.7468526	41.98113	-12.357007	2.004565	4.1525917	60.87755	-12.439869	1.7247609	0.0005283404	0.0005333652	0.05850961	-3.1484412e-06	-6.114853	0.0022570216	5.348184e-12	-22.771973	2.934156e-10	-2.0045648	22.317963	765.0282	1312.5622992515564
5	3.667986	3.2384367	11.141106	-3.3332345	0.6879734	5.262673	13.164696	-11.98324	101.666664	111.935684	603.0	0.0	54.65	112.8817	422.0	0.0	1000.0	1000.0	1.7708334	1.175	14966.0	0.04988666666666667	250004.0	-0.8593097	0.3634873	1.0634478	-3.4667773	-0.8593036	0.3634842	1.0184847	-3.3840604	2.4929779	2.736351	40.059723	-13.241948	1.9755794	4.456636	80.19511	-12.721846	1.8392832	0.0005349124	0.00054304686	0.06956338	6.432587e-05	-6.2003026	0.0020843064	1.3174336e-13	-24.75823	1.78484e-11	-1.9755794	22.137066	842.3644	2154.9246759414673
6	3.0334544	3.6654823	11.069664	-4.231249	2.7222893	5.91754	19.262314	-17.293842	50.46154	98.93946	486.0	0.0	28.2	44.916702	243.0	0.0	1000.0	1000.0	1.6153846	1.95	17590.0	0.050257142857142854	300004.0	-0.8229068	0.3817091	1.4145417	-3.7934935	-0.82290375	0.3816925	0.99009943	-3.7559943	2.485409	3.2655072	39.287758	-12.777322	1.9938722	4.566074	74.74239	-10.316035	2.10789	0.0006110321	0.00062058243	0.09869102	4.229769e-05	-5.9227915	0.0027565565	1.551779e-13	-25.25147	1.0967099e-11	-1.9938722	20.789879	798.9419	2953.9793260097504
7	3.5154254	3.320421	10.502626	-3.7651975	7.847174	4.9810853	17.373144	-1.9378102	28.395834	53.583557	244.0	0.0	36.825	78.91669	484.0	0.0	1000.0	1000.0	1.8958334	3.7	18970.0	0.047425	350004.0	-0.892508	0.43489447	0.932235	-6.000779	-0.8925112	0.4348727	1.0261832	-5.693227	2.47504	3.2789254	39.00029	-11.679254	1.992726	4.4141455	73.09866	-11.76062	1.9401394	0.0008307694	0.0008427005	0.10502961	2.8298626e-05	-5.8916965	0.002831297	1.464014e-13	-25.85813	5.9653554e-12	-1.9927261	22.084665	789.0077	3742.8481464385986
8	3.6801252	3.8205638	17.615135	-2.3829892	3.7348752	4.1413584	15.126016	-1.4883734	22.461538	45.912735	197.0	0.0	9.2	20.574501	78.0	0.0	1000.0	1000.0	2.0769231	1.825	20121.0	0.044713333333333334	400004.0	-0.92835873	0.4548854	1.0398437	-5.7640505	-0.92835474	0.45487502	1.076704	-5.6623983	2.4770486	3.1662428	39.20759	-13.2785845	1.9844731	4.4878874	65.78362	-13.83703	1.913707	0.00085461553	0.00086122286	0.101079725	5.1851654e-05	-6.0544686	0.0024103909	8.559526e-14	-26.30203	3.7955277e-12	-1.9844731	21.157701	788.3914	4531.283533573151
9	3.6281235	3.37632	13.468743	-2.3104856	2.4999287	3.6418645	13.876879	-5.3918324	20.0625	40.133324	161.0	0.0	24.675	78.23727	432.0	0.0	1000.0	1000.0	2.0	1.475	21091.0	0.042182	450004.0	-0.90054256	0.4725891	0.88632965	-4.94767	-0.90053844	0.47257918	0.99710333	-4.9713297	2.472456	3.2442374	41.77374	-14.709617	1.9941128	4.6966815	74.407005	-11.603358	1.8592031	0.0008575723	0.0008675966	0.105551116	2.2583667e-05	-6.1205864	0.0022558642	7.4756234e-14	-26.64823	2.6825074e-12	-1.9941131	22.186752	802.92566	5334.394237041473
10	4.5142827	4.3941064	17.305866	-2.777338	9.403662	6.97039	22.57139	-0.22384688	19.942308	29.918745	147.0	0.0	39.85	88.89841	438.0	0.0	1000.0	1000.0	2.4423077	4.875	22121.0	0.04022	500004.0	-0.9163694	0.4831764	0.9463885	-5.959702	-0.9163644	0.48317832	0.8337996	-6.3082304	2.4670541	3.2332678	54.573265	-12.621611	2.0018759	4.6896687	74.03056	-13.990927	1.7433578	0.00097291445	0.000977382	0.104282185	3.0389024e-06	-6.1003594	0.0022813056	6.742109e-14	-26.910458	2.0622538e-12	-2.0018759	21.959564	789.2398	6124.14675450325
11	5.4435215	4.627031	19.819912	0.067362264	6.4033775	5.019979	18.64436	-0.50985163	46.3125	70.43471	352.0	0.0	24.85	44.377106	217.0	0.0	1000.0	1000.0	2.7708333	3.375	24402.0	0.04067	550004.0	-0.9563267	0.48320958	1.3393749	-6.4659333	-0.9563204	0.483206	1.217262	-6.155894	2.4711716	3.1583943	53.14298	-17.195261	1.9371269	4.3619614	90.1815	-13.182552	1.7959632	0.0010458601	0.001052267	0.10109889	0.00015220324	-6.103275	0.0023056061	4.700098e-14	-27.143452	1.6308468e-12	-1.937127	22.355463	787.5145	6910.882285118103
12	6.248618	5.0935974	18.733429	-0.9717464	4.4188643	5.501601	17.884556	-1.1321877	38.75	62.405273	259.0	0.0	30.975	86.42988	518.0	0.0	1000.0	1000.0	3.2115386	2.325	26359.0	0.04055230769230769	600004.0	-0.955065	0.47309172	0.7099988	-5.315295	-0.9550671	0.47306976	0.8019253	-5.0875187	2.4786355	3.0260355	51.779007	-16.753063	1.9969537	4.4532886	80.61926	-11.494633	1.842449	0.0010435873	0.0010532894	0.10008109	7.404461e-06	-6.265694	0.0019970965	2.986313e-14	-27.292713	1.4035601e-12	-1.996954	21.0307	791.5414	7702.548849582672
13	5.974527	5.274681	22.94876	-2.1166778	5.678678	4.959391	21.467617	-0.53017586	38.833332	70.75172	293.0	0.0	42.25	138.75009	891.0	0.0	1000.0	1000.0	3.1875	2.85	28293.0	0.04041857142857143	650004.0	-0.9261335	0.45926958	0.93142897	-4.612979	-0.92613524	0.45923716	1.2578633	-4.940835	2.4802961	3.0096264	47.583645	-12.835463	1.964981	4.3156157	102.85856	-10.815773	1.8669918	0.0010452584	0.0010597628	0.10621817	7.987483e-05	-6.1399274	0.0021987872	2.4693789e-14	-27.39995	1.2605402e-12	-1.964981	20.37716	786.2893	8488.821916818619
14	6.935792	5.0315123	20.808857	-0.9828597	6.202812	5.6160374	20.46576	-2.146241	36.98077	72.87516	414.0	0.0	45.5	138.55794	849.0	0.0	1000.0	1000.0	3.5576923	3.05	30146.0	0.04019466666666666	700004.0	-0.90987843	0.46878338	0.9314197	-4.245513	-0.9098789	0.46874475	0.8608405	-4.1870914	2.4833794	2.908891	44.168247	-9.591256	1.9609846	4.258877	99.731346	-11.283004	1.8129853	0.0010823687	0.0011001833	0.10379166	8.481876e-05	-6.255308	0.0019854929	1.9070432e-14	-27.4887	1.1532558e-12	-1.9609846	22.34129	791.9734	9280.879148483276
15	8.142661	6.179163	20.876692	-3.3847845	4.709187	4.9726295	17.621239	-1.0885711	31.479166	38.015343	136.0	0.0	38.15	89.53171	406.0	0.0	1000.0	1000.0	4.1875	2.5	31730.0	0.0396625	750004.0	-0.85972124	0.45023814	0.99507916	-4.382079	-0.8597199	0.45022947	1.266845	-4.3740654	2.4863164	2.8429348	42.695793	-12.397501	1.9844382	4.207401	80.792145	-14.186927	1.7869655	0.0010693067	0.0010772559	0.09956026	2.7573204e-05	-6.412733	0.0017097828	1.465998e-14	-27.555912	1.0782044e-12	-1.9844382	22.509052	792.8579	10073.546124696732
16	6.0237103	5.8571353	21.416344	-1.9392315	4.5735044	4.9234624	19.016333	-1.9310881	45.28846	76.66645	478.0	0.0	24.45	56.68816	331.0	0.0	1000.0	1000.0	3.1538463	2.5	34012.0	0.040014117647058825	800004.0	-0.8561378	0.4627063	1.6606002	-5.175918	-0.85614055	0.4626961	1.3277683	-5.2877073	2.492993	2.8989286	48.082882	-16.33806	1.9713085	4.340424	71.227066	-13.667055	2.0134072	0.001153592	0.0011595185	0.10417836	6.0320453e-05	-6.2257476	0.0020393478	7.135466e-15	-27.59477	1.0369664e-12	-1.9713085	20.69085	789.68054	10863.387032985687
17	6.2954674	5.339814	18.030624	-2.7674708	8.376965	7.618081	22.323204	-6.7219906	16.541666	37.600395	216.0	0.0	47.8	95.020584	499.0	0.0	1000.0	1000.0	3.3958333	4.3	34857.0	0.03873	850004.0	-0.8948528	0.49208015	1.5630374	-7.023049	-0.8948538	0.4920841	1.3209323	-7.1001916	2.4937356	2.79961	46.96752	-30.829071	1.9920784	4.3271184	76.34121	-14.895088	1.9786644	0.0013212457	0.0013213148	0.10134461	1.8335571e-05	-6.343145	0.0018061551	6.2010397e-15	-27.625935	1.0051103e-12	-1.9920785	22.663574	789.8882	11653.203825712204
18	7.2822366	6.8324785	20.29569	-2.55038	4.327623	5.2446	16.409132	-1.7973986	25.384615	34.026096	161.0	0.0	10.75	25.58784	142.0	0.0	1000.0	1000.0	3.8653846	2.375	36126.0	0.03802736842105263	900004.0	-0.86707294	0.45909637	1.8190587	-6.092662	-0.8670705	0.45905894	1.2454921	-5.93019	2.492627	2.6783497	56.31975	-20.42398	1.991286	4.1725755	69.478264	-12.514552	1.7859894	0.0011343961	0.0011528631	0.091801405	1.6212054e-05	-6.4659495	0.0015962287	7.123394e-15	-27.650257	9.809994e-13	-1.9912863	22.366053	798.528	12451.779765844345
19	8.2491865	5.635216	20.58307	-1.4546092	6.110841	6.318657	23.648548	-1.3451375	14.979167	25.012905	111.0	0.0	37.0	119.24974	746.0	0.0	1000.0	1000.0	4.2708335	3.275	36861.0	0.036861	950004.0	-0.7777576	0.453586	1.8054783	-10.625168	-0.7777583	0.4535265	1.2641866	-10.053849	2.4944043	2.5427337	60.363914	-19.490477	1.9695828	4.1256785	74.18091	-11.527349	1.655561	0.0011802121	0.0012017608	0.08506805	5.2975407e-05	-6.452079	0.0016141018	5.249895e-15	-27.681507	9.507814e-13	-1.9695828	21.317825	793.7193	13245.597802400589
20	9.622474	6.351515	21.725605	-1.4629387	6.7332816	6.279167	22.102585	-1.7121959	14.903846	27.724787	146.0	0.0	11.625	19.421236	97.0	0.0	1000.0	1000.0	4.7884617	3.425	37620.0	0.03582857142857143	1000004.0	-0.7243758	0.46481952	2.3473604	-12.299659	-0.72437763	0.46475872	2.1161337	-13.358463	2.4990647	2.5214312	66.87386	-17.999023	1.9845109	4.008677	73.88111	-13.882816	1.7005298	0.0013011374	0.0013340646	0.080208406	2.3409642e-05	-6.577585	0.0014197916	7.8540066e-16	-27.69321	9.39708e-13	-1.9845108	22.114956	788.833	14035.31035399437
21	11.620087	6.5592012	25.423311	-0.34077322	12.57105	7.3192806	26.234715	-1.7403841	28.4375	58.777084	349.0	0.0	15.925	18.988665	77.0	0.0	1000.0	1000.0	5.6041665	6.15	39086.0	0.03553272727272727	1050004.0	-0.68044865	0.48137423	3.3429456	-12.120037	-0.6804541	0.4813386	3.1706355	-12.527192	2.4939523	2.5332408	59.935642	-19.43883	2.0020435	4.1291137	101.073204	-12.021211	1.5374944	0.001237726	0.0012547488	0.08150185	2.0142174e-06	-6.621234	0.0013604135	5.543819e-15	-27.700653	9.327701e-13	-2.0020435	22.18379	795.76276	14830.189816951752
22	11.575515	6.1502733	24.00249	-1.7088249	7.4094605	6.8475747	20.549162	-1.4099772	23.538462	36.411358	201.0	0.0	25.375	53.092697	304.0	0.0	1000.0	1000.0	5.6538463	3.75	40209.0	0.034964347826086956	1100004.0	-0.62431145	0.48056164	6.926716	-4.776084	-0.62430334	0.48053494	6.9387445	-5.0258756	2.4993157	2.4268105	58.187775	-20.779291	1.9966855	3.9230077	97.03166	-13.451625	1.5440655	0.0012561713	0.001269711	0.081759766	1.0744581e-05	-6.438279	0.0016370262	5.342693e-16	-27.718115	9.165929e-13	-1.9966856	22.355404	791.67224	15621.698460102081
23	10.76545	6.8313255	23.356327	-0.9530017	9.879311	6.646107	23.456673	-0.3514993	34.604168	40.33027	219.0	0.0	17.75	22.613878	84.0	0.0	1000.0	1000.0	5.2083335	4.925	41910.0	0.034925	1150004.0	-0.5851075	0.49260047	6.636103	-6.6006536	-0.58511037	0.49258032	6.496287	-6.325764	2.5028756	2.3448923	74.68906	-17.417107	1.9919716	3.918724	90.80474	-13.208891	1.5235473	0.0012825073	0.001292134	0.07615467	1.4897923e-05	-6.5458813	0.0014561982	-2.757554e-15	-27.709122	9.248734e-13	-1.9919716	22.540648	784.74524	16406.491944789886
24	12.131321	6.0074954	25.351799	-0.44656387	15.028798	6.333944	24.620647	-0.021201495	25.884615	30.656065	124.0	0.0	32.8	30.53457	126.0	0.0	1000.0	1000.0	5.980769	7.2	43216.0	0.0345728	1200004.0	-0.5387211	0.53201616	1.8699577	-7.050303	-0.53872323	0.53196084	1.8058325	-6.724078	2.5018997	2.3032491	65.53036	-20.356579	1.988766	3.7923448	109.893936	-12.972216	1.422015	0.0014797741	0.0015061233	0.07576579	1.8390965e-05	-6.5786467	0.0014172503	-1.872147e-15	-27.700193	9.331688e-13	-1.9887658	22.025303	798.1334	17204.58955526352
25	12.872088	6.0462785	25.471724	1.7828473	16.23771	7.855488	27.918541	1.0886762	33.666668	46.727192	231.0	0.0	17.7	18.617466	65.0	0.0	1000.0	1000.0	6.3333335	8.1	44852.0	0.03450153846153846	1250004.0	-0.5496719	0.5610384	1.4916004	-6.9172254	-0.5496662	0.56100285	1.4667988	-7.054725	2.5046082	2.2558608	43.285088	-23.361212	2.0054915	3.7841566	78.393715	-13.403288	1.4670492	0.0016726702	0.0016950953	0.07330328	-5.6915806e-06	-6.5972037	0.0013929297	-4.458186e-15	-27.685532	9.469544e-13	-2.0054915	22.03492	784.2048	17989.016016721725
26	13.747677	7.521027	28.066332	-0.6049679	9.993131	8.9057665	26.409483	-2.8683567	25.461538	27.172144	97.0	0.0	23.3	30.499344	133.0	0.0	1000.0	1000.0	6.923077	5.025	46156.0	0.03418962962962963	1300004.0	-0.55026734	0.5610029	1.523985	-8.614879	-0.5502705	0.5609795	1.3744712	-8.340472	2.507383	2.2371747	47.53123	-26.541807	1.9921622	3.6749938	70.18299	-11.341682	1.5180371	0.0017125055	0.0017221135	0.07134118	1.395432e-05	-6.5460644	0.0014597583	-7.250093e-15	-27.66522	9.66419e-13	-1.9921623	22.434793	785.3098	18774.124981164932
27	14.04472	6.7280483	25.54857	-0.031725675	13.839152	8.396964	27.809177	-0.50001425	22.25	24.05939	77.0	0.0	33.85	65.72349	420.0	0.0	1000.0	1000.0	6.8333335	6.95	47249.0	0.03374928571428571	1350004.0	-0.4806122	0.5612218	1.6930485	-7.4542437	-0.48062038	0.5612235	1.3193706	-7.34969	2.5087068	2.1851263	44.20543	-30.707792	1.9877999	3.5199602	83.09525	-12.785755	1.4602361	0.0016774845	0.0016784436	0.071890146	2.0021289e-05	-6.485298	0.0015433143	-8.810278e-15	-27.633295	9.977837e-13	-1.9877999	22.30491	795.9884	19570.03884410858
28	15.244129	6.6489305	26.096382	-0.67915064	16.066124	7.3894315	27.154339	0.2062228	27.807692	33.16337	143.0	0.0	27.8	31.22595	128.0	0.0	1000.0	1000.0	7.3653846	7.725	48670.0	0.03356551724137931	1400004.0	-0.37458688	0.56388026	2.0746906	-8.163264	-0.37458694	0.56390125	1.6698347	-8.084622	2.5082095	2.053553	49.636387	-11.393297	1.9963335	3.380191	64.13915	-12.8579235	1.246211	0.0016154441	0.0016030535	0.06755174	1.0566104e-05	-6.548	0.0014536987	-8.606966e-15	-27.59392	1.0378462e-12	-1.9963335	22.899807	794.2789	20364.3457198143
29	17.206642	5.4651837	25.66058	3.8175323	18.459747	6.8783684	27.89883	0.3455248	21.541666	20.455194	73.0	0.0	39.475	31.539648	157.0	0.0	1000.0	1000.0	8.166667	8.625	49758.0	0.033172	1450004.0	-0.29182836	0.5801643	1.3789514	-10.0001745	-0.29182863	0.58016163	2.0078251	-8.668927	2.5084782	2.0098224	37.294838	-21.752378	1.9964586	3.3368	55.973827	-12.339284	1.1440878	0.0016298705	0.0016323929	0.06312873	7.9434085e-06	-6.5160017	0.0014994657	-9.2084865e-15	-27.559435	1.0742657e-12	-1.9964584	22.566328	793.19934	21157.82282280922
30	18.457546	5.579375	26.599474	0.24926221	17.54321	7.935265	25.884787	-0.56633484	28.403847	31.133867	164.0	0.0	30.55	24.492805	88.0	0.0	1000.0	1000.0	9.057693	8.575	51181.0	0.03302	1500004.0	-0.21836394	0.5617073	2.3397112	-7.071618	-0.21836454	0.5617138	1.583574	-7.229879	2.5163383	1.9486787	39.866924	-17.42847	1.9974282	3.4820063	74.79008	-12.796861	1.2287499	0.0015378387	0.0015337827	0.05981756	5.8041833e-06	-6.5823736	0.0014117802	-1.8646636e-14	-27.50807	1.131131e-12	-1.9974283	20.588226	789.11743	21947.705293893814
31	18.651083	5.4125776	25.72245	2.7742064	16.107483	8.313281	29.580536	0.077967584	38.5	31.100643	126.0	0.0	43.6	114.94429	712.0	0.0	1000.0	1000.0	8.958333	7.95	53250.0	0.03328125	1550004.0	-0.10502132	0.5520938	1.7797167	-7.88684	-0.10501991	0.5520854	1.9729432	-6.9133263	2.5127409	1.8513641	38.76377	-19.419653	1.9983555	3.255715	63.882168	-12.494456	0.9665582	0.001445723	0.0014493793	0.057549257	4.5453953e-06	-6.584915	0.001394202	-1.5599782e-14	-27.44059	1.2099852e-12	-1.9983556	21.855017	784.761	22731.396320343018
32	17.180666	5.306712	25.911226	6.3776793	18.917816	7.356773	28.708914	1.7840796	33.423077	33.24579	190.0	0.0	34.275	31.680426	128.0	0.0	1000.0	1000.0	8.326923	9.425	54767.0	0.033192121212121214	1600004.0	-0.0096462825	0.569129	2.270807	-7.4370646	-0.009642566	0.56911606	1.9511335	-7.2315283	2.5124698	1.8336912	41.243694	-14.901893	1.9940968	3.2753692	71.429214	-12.338397	0.85180205	0.0015715106	0.0015756143	0.05487369	1.0502644e-05	-6.6851077	0.0012605464	-1.6274593e-14	-27.374142	1.293114e-12	-1.9940968	22.218258	782.9295	23514.364374637604
33	18.152452	5.865489	27.68871	3.5139909	12.950018	8.20433	29.18251	-0.7075233	36.458332	31.76342	129.0	0.0	53.725	52.980648	199.0	0.0	1000.0	1000.0	8.6875	6.2	56562.0	0.033271764705882355	1650004.0	0.047419317	0.58457136	2.0740063	-6.327137	0.047416512	0.58457106	2.2715704	-6.42192	2.5133529	1.8371795	44.931435	-15.775495	1.9993285	3.1466956	54.662766	-12.943813	0.82475203	0.001630539	0.00163432	0.05590645	2.4814676e-06	-6.6191125	0.001343916	-1.867611e-14	-27.306227	1.384043e-12	-1.9993285	22.283972	791.52014	24306.00284576416
34	19.502005	4.81139	25.594095	6.240938	15.006846	9.048873	28.151781	-0.7795461	39.46154	32.923256	169.0	0.0	46.125	85.2318	417.0	0.0	1000.0	1000.0	9.230769	7.425	58569.0	0.033468	1700004.0	0.12181804	0.5900386	2.2742178	-8.910715	0.121818475	0.59003264	1.6992339	-8.676316	2.5153878	1.8687724	49.55392	-27.73056	1.9989406	3.2377582	67.82294	-13.245056	0.82299167	0.0016179438	0.0016241794	0.058162924	3.3925164e-06	-6.610439	0.001356261	-2.338002e-14	-27.218327	1.5114147e-12	-1.9989408	21.92284	791.1698	25096.995334386826
35	18.637136	5.88425	26.188198	3.5878367	20.34905	7.2734556	29.156033	1.6433954	40.708332	49.92201	327.0	0.0	26.9	23.154697	98.0	0.0	1000.0	1000.0	8.958333	9.875	60747.0	0.03374833333333333	1750004.0	0.16374376	0.62602293	2.4044955	-16.705423	0.16374606	0.62601364	2.4523072	-16.8415	2.51801	1.9179502	45.720886	-30.708649	2.0014148	3.2697797	71.05913	-13.71955	0.87738687	0.002049896	0.0020700074	0.060256466	-2.0175219e-07	-6.6231875	0.0013412286	-3.042957e-14	-27.108702	1.6869292e-12	-2.001415	20.955479	783.22034	25880.414004087448
36	19.09095	6.1696067	27.13833	4.0357924	20.578436	6.371483	27.263945	1.783788	30.25	28.019138	109.0	0.0	43.25	67.69075	434.0	0.0	1000.0	1000.0	9.096154	9.875	62096.0	0.0335654054054054	1800004.0	0.19889668	0.6202717	2.9935102	-9.288338	0.19890402	0.620243	1.9802924	-9.281866	2.51658	1.9057444	41.624523	-14.274671	1.9967273	3.2837417	82.46611	-13.02183	0.79878414	0.0018794457	0.0018998056	0.059880182	6.755501e-06	-6.584632	0.0013952062	-3.1728106e-14	-26.98645	1.90665e-12	-1.9967275	22.774876	801.532	26681.783748149872
37	20.393484	5.4368377	27.693909	3.1755576	19.334143	8.323829	27.712297	1.8397822	32.604168	35.74839	185.0	0.0	50.8	107.91344	684.0	0.0	1000.0	1000.0	10.104167	9.5	63722.0	0.03353789473684211	1850004.0	0.2560233	0.6135492	2.3311365	-6.3026795	0.25601524	0.61354315	2.9001963	-6.3414984	2.51717	1.8736126	37.299572	-17.039642	2.0043254	3.216761	92.90366	-12.587999	0.7391537	0.0017551169	0.0017666663	0.059515506	-5.2427454e-06	-6.6398463	0.0013182671	-3.7727064e-14	-26.849855	2.1865404e-12	-2.004325	21.942543	779.63257	27461.4879155159
38	19.28651	7.1253343	28.191374	-1.6417885	20.42446	7.8419504	28.3506	2.1891012	32.365383	31.309269	147.0	0.0	23.85	24.02348	92.0	0.0	1000.0	1000.0	9.326923	10.025	65344.0	0.03350974358974359	1900004.0	0.29565024	0.63050634	2.8795722	-8.825076	0.29564843	0.63051194	2.3815389	-8.639041	2.5204978	1.8573678	44.896984	-25.392557	1.9889401	3.122303	79.41997	-14.099623	0.7662855	0.0019078308	0.0018994913	0.058633663	1.8251694e-05	-6.656839	0.0012964224	-5.3980376e-14	-26.669302	2.6212279e-12	-1.9889404	19.52102	787.038	28248.434849977493
39	19.39668	5.716571	26.711716	2.5060754	16.386288	8.149158	27.433126	0.5402899	51.333332	50.645554	272.0	0.0	40.5	67.20268	430.0	0.0	1000.0	1000.0	9.1875	7.925	67847.0	0.0339235	1950004.0	0.3166196	0.6567277	2.6229706	-7.485502	0.31662163	0.6567161	2.4943793	-7.590961	2.5191433	1.8849651	47.068478	-24.720785	1.9985003	3.0671499	61.329655	-12.043969	0.7299485	0.0020684197	0.0020778694	0.061071564	4.093995e-06	-6.6534085	0.0013005458	-6.3723034e-14	-26.439976	3.2979617e-12	-1.9985001	20.51416	816.0027	29064.560162067413
40	17.042599	7.1831837	27.526058	-0.46498996	16.82627	8.480636	27.01577	1.1255729	46.903847	80.38879	537.0	0.0	18.375	23.091867	118.0	0.0	1000.0	1000.0	8.307693	8.3	70247.0	0.034266829268292685	2000004.0	0.31049743	0.67544216	2.3350604	-14.846097	0.31050617	0.675387	2.0320923	-15.616806	2.525305	1.8689991	49.091667	-13.03056	1.9933869	3.1038766	77.134224	-12.699336	0.8836151	0.0022445144	0.0022531608	0.060936082	9.686413e-06	-6.7246113	0.0012101647	-1.2062905e-13	-26.086668	4.73076e-12	-1.9933872	22.630096	881.83887	29947.37628698349
41	15.5784025	6.285897	25.466791	2.6162717	18.785854	6.8333845	28.94672	2.4329937	28.020834	29.060633	147.0	0.0	30.275	36.132385	143.0	0.0	1000.0	1000.0	7.5416665	9.2	71592.0	0.03409142857142857	2050004.0	0.21934207	0.7292051	2.0570123	-35.1204	0.21933866	0.72910357	1.5903805	-36.028664	2.5247762	1.872761	51.21391	-14.654249	2.0027308	3.2369955	70.19224	-13.302504	0.973175	0.003412672	0.0034181979	0.06331469	-1.1289322e-06	-6.6724024	0.0012754432	-2.320525e-13	-25.400358	9.658919e-12	-2.002731	21.502287	928.73364	30874.987463235855
42	19.347773	5.1361775	26.310007	6.010062	18.415752	8.235568	27.578215	-0.23895125	38.442307	48.783436	336.0	0.0	31.95	72.3861	442.0	0.0	1000.0	1000.0	9.519231	9.025	73591.0	0.034228372093023256	2100004.0	0.15555318	0.70294887	2.671156	-24.802729	0.15555747	0.70295066	2.355223	-25.20699	2.518505	1.8574156	45.103096	-17.819305	1.9956386	3.1272547	64.66825	-14.141289	0.8973233	0.002874781	0.0029331376	0.06253173	7.089387e-06	-6.6357727	0.0013199555	4.3444863e-05	-21.572315	0.0121864425	-1.9956386	22.35326	924.1841	31799.644750595093
43	17.48693	7.031134	27.057981	3.3350966	16.651714	9.04287	28.108887	-0.4935437	28.770834	24.26266	95.0	0.0	18.075	21.791498	83.0	0.0	1000.0	1000.0	8.479167	8.075	75002.0	0.03409181818181818	2150004.0	0.2135321	0.6557531	1.8701771	-9.057698	0.2135348	0.6557456	1.5443637	-9.341997	2.5010886	1.8805033	49.138817	-12.346632	2.0079145	3.0484402	73.362015	-12.01969	0.8582747	0.002109098	0.0021240418	0.063703254	-9.006001e-06	-6.6218085	0.001338024	0.00036827248	-1.909415	0.18884285	-2.007914	21.365555	922.9376	32722.218447208405
44	19.420414	5.976331	29.58744	2.7143455	21.984936	7.5528417	29.233498	-0.6913863	35.0	30.372684	108.0	0.0	29.525	20.86982	76.0	0.0	1000.0	1000.0	9.307693	10.725	76792.0	0.03412977777777778	2200004.0	0.30639893	0.64966786	1.5991536	-7.5579047	0.306405	0.6496531	1.5914112	-6.702644	2.4999847	1.8481324	54.192066	-14.967131	1.9658893	3.0406618	76.84399	-12.875074	0.7497907	0.0019599746	0.0019719193	0.06307647	6.422059e-05	-6.5224886	0.0014993674	0.0008349463	-1.9800264	0.20423186	-1.9658891	22.127115	927.87787	33649.98183846474
45	19.756218	5.79301	26.869247	0.040078767	14.799174	8.778918	28.335165	-0.31438616	36.25	33.02682	121.0	0.0	22.125	50.93731	320.0	0.0	1000.0	1000.0	9.583333	7.3	78532.0	0.034144347826086954	2250004.0	0.45657042	0.6554852	1.7564218	-7.5303426	0.45656773	0.65545684	1.7791433	-7.6339927	2.5012746	1.8455367	51.8498	-22.299707	1.9994906	2.9673188	62.318096	-13.674195	0.69518685	0.0018879129	0.0019122484	0.06414034	2.762419e-06	-6.565655	0.0014167194	0.00041882577	-1.6781955	0.23139934	-1.9994906	21.981619	927.2621	34577.614258766174
46	18.704166	7.0795016	28.431011	-0.13796021	18.859789	8.604247	28.568396	0.69789904	24.288462	36.826168	245.0	0.0	23.975	29.361956	132.0	0.0	1000.0	1000.0	9.076923	9.3	79795.0	0.033955319148936174	2300004.0	0.5155726	0.6651129	1.7853467	-8.926949	0.51556945	0.66508526	1.7939123	-8.841037	2.501115	1.8769122	44.44876	-10.347061	1.9893128	2.9695003	70.56794	-13.92894	0.53403676	0.0020947524	0.0021235638	0.06477693	1.8181325e-05	-6.537859	0.0014588153	0.000330466	-1.9321884	0.17884992	-1.9893128	20.820288	926.4771	35504.3079624176
47	18.682093	7.1562314	28.485128	-0.3484062	19.653122	8.400288	28.53818	0.0650792	20.75	19.935835	72.0	0.0	21.025	63.085453	408.0	0.0	1000.0	1000.0	8.979167	9.6	80805.0	0.03366875	2350004.0	0.4997538	0.67647916	1.8673117	-7.45342	0.49975854	0.67644715	1.7836988	-7.5716534	2.5006762	1.8434908	45.797924	-20.936089	1.989559	2.9466345	54.981728	-12.951358	0.6760141	0.002284652	0.002307938	0.06389551	1.8765151e-05	-6.5929823	0.0013861345	0.00061420817	-1.6828665	0.24297617	-1.989559	21.590805	929.4486	36433.272097826004
48	21.192495	5.820791	28.607485	4.0795927	12.4796	10.152928	27.237093	-0.3961966	20.884615	23.307852	128.0	0.0	7.325	11.487792	44.0	0.0	1000.0	1000.0	10.269231	6.1	81877.0	0.03341918367346939	2400004.0	0.5098057	0.6870922	2.0407398	-10.603015	0.50980383	0.6870793	1.9553248	-12.520053	2.5004032	1.8250892	52.54026	-15.452148	1.9980447	2.907975	62.81864	-13.247334	0.48380235	0.0025546069	0.0025650302	0.062769614	5.108937e-06	-6.6016526	0.0013680295	0.00051138917	-2.053145	0.1783653	-1.9980448	22.09118	925.8109	37359.09042644501
49	19.13421	6.6656384	27.594477	0.21429095	16.676863	9.714699	27.226511	-0.21086568	22.958334	22.981838	74.0	0.0	11.4	15.806328	62.0	0.0	1000.0	1000.0	8.9375	8.15	83042.0	0.0332168	2450004.0	0.49040237	0.69595397	1.7854694	-15.85486	0.49040157	0.695936	1.7936504	-15.483313	2.5012429	1.8625238	45.834137	-14.373889	1.999891	2.8898451	57.82872	-12.417856	0.50968117	0.0026820092	0.0026978601	0.0638854	2.1699566e-06	-6.629025	0.0013286354	0.00030924083	-2.0176387	0.1647914	-1.9998913	22.251356	920.4454	38279.478569984436
50	19.455524	6.545944	28.777956	1.524716	21.602167	6.7054234	28.937426	-0.07459273	20.73077	20.95794	81.0	0.0	21.9	25.772854	101.0	0.0	1000.0	1000.0	9.269231	10.225	84057.0	0.032963529411764704	2500004.0	0.47724086	0.72445387	1.8497201	-16.405369	0.47723734	0.72446877	1.8352693	-18.08617	2.5013802	1.8464667	37.911163	-11.656589	2.0024025	2.8663003	62.969086	-14.830667	0.50699526	0.0029897483	0.0029990943	0.0633344	-1.6359654e-06	-6.646591	0.0013062607	0.00020741974	-1.9487725	0.16227016	-2.0024025	21.947472	932.93054	39213.9933052063
51	18.303888	6.3389945	26.871742	0.5404581	22.501698	5.7393503	27.76376	0.13713823	25.333334	23.835665	103.0	0.0	28.15	23.428137	88.0	0.0	1000.0	1000.0	8.645833	10.65	85368.0	0.03283384615384615	2550004.0	0.5142333	0.71537215	1.8308436	-7.899757	0.51423556	0.7153661	1.8223351	-7.883266	2.5010698	1.8202735	40.759724	-9.306626	1.9935439	2.8782482	63.070198	-13.021195	0.4324775	0.0027525683	0.0027599353	0.062496446	1.2723797e-05	-6.5202513	0.0014809903	0.00034659554	-2.073162	0.15469773	-1.9935441	21.943508	921.5299	40134.6429066658
52	20.713436	5.9670796	28.072662	4.0796394	23.76917	6.039588	28.737007	2.0760741	20.788462	26.781406	115.0	0.0	25.225	17.41334	63.0	0.0	1000.0	1000.0	10.019231	11.65	86354.0	0.03258641509433962	2600004.0	0.5473186	0.7217863	1.8615901	-9.522823	0.54731655	0.7217613	1.8565975	-9.6728115	2.5003483	1.7950515	42.249184	-20.62502	2.000146	2.8344507	68.19837	-15.306661	0.4181153	0.0030289325	0.0030389733	0.063984916	3.0020174e-06	-6.4977465	0.0015194351	0.000605441	-2.0800114	0.1764752	-2.0001457	22.590916	923.119	41057.18619441986
53	21.697557	5.793455	28.809362	1.2346958	18.742704	8.744474	28.236885	-0.16885604	14.625	15.213241	66.0	0.0	19.05	17.690323	67.0	0.0	1000.0	1000.0	10.541667	9.25	87124.0	0.03226814814814815	2650004.0	0.5251576	0.7311841	2.3982878	-9.309831	0.5251536	0.7312155	1.889261	-9.630074	2.5005383	1.7580556	44.68673	-20.8296	1.9919015	2.7907329	77.002205	-12.23972	0.36097258	0.0033919923	0.0033880835	0.06255831	1.3862671e-05	-6.5934987	0.0013796219	0.00028273248	-2.1559193	0.15011781	-1.9919013	22.467907	928.05347	41985.18073105812
54	19.755802	5.799242	27.369118	4.1695724	20.824482	7.713258	28.15957	-0.2202282	25.307692	30.03686	185.0	0.0	22.6	21.086489	99.0	0.0	1000.0	1000.0	9.307693	10.0	88372.0	0.03213527272727273	2700004.0	0.5206514	0.7117441	1.8309304	-8.080662	0.52065593	0.71175176	1.8234578	-7.838605	2.5001512	1.7703315	43.39907	-11.478284	1.9933093	2.7403302	63.315407	-13.627231	0.48112965	0.0029926242	0.0029926838	0.062599055	1.6045846e-05	-6.521834	0.001487919	0.00085014803	-2.0442293	0.1992444	-1.9933094	22.4189	926.3625	42911.69520664215
55	23.087189	4.2089176	28.468622	8.041967	21.470621	5.5690045	28.389996	2.5614529	18.5625	17.176662	62.0	0.0	31.225	27.731289	116.0	0.0	1000.0	1000.0	11.104167	10.025	89276.0	0.03188428571428571	2750004.0	0.6264477	0.68618715	4.375897	-10.595523	0.62644374	0.68619734	4.280541	-10.11473	2.500195	1.7899038	49.36956	-12.644926	2.003882	2.7180173	76.71718	-12.564631	0.24806869	0.002845091	0.0028439434	0.06526505	-2.7138287e-06	-6.495625	0.001519049	0.00059471186	-2.3219693	0.1441033	-2.003882	21.140743	921.238	43832.68339371681
56	22.337002	4.6369905	28.189491	8.728018	19.992722	8.303939	28.440323	-0.18043725	16.51923	17.969515	69.0	0.0	24.775	22.841286	79.0	0.0	1000.0	1000.0	10.807693	9.725	90122.0	0.031621754385964915	2800004.0	0.6707978	0.70550996	2.3412347	-12.037436	0.67080593	0.70550156	1.9372782	-12.215143	2.5001187	1.7328444	42.477333	-11.360791	1.9984803	2.6590285	83.53369	-13.586438	0.13557246	0.0031658253	0.0031785388	0.06303536	4.0658824e-06	-6.6018095	0.0013648679	0.00026417425	-2.3750868	0.12861136	-1.9984804	22.191387	932.744	44765.92442178726
57	22.493736	5.612423	27.656221	2.2332184	21.780142	8.155344	28.07766	0.19499733	16.875	21.087738	97.0	0.0	17.05	17.92059	65.0	0.0	1000.0	1000.0	10.833333	10.4	90988.0	0.031375172413793104	2850004.0	0.7250843	0.6947917	1.904366	-12.18575	0.7250839	0.6948211	2.035837	-10.99221	2.5006711	1.7147897	43.849606	-14.227754	1.9919065	2.6334627	69.150246	-14.669952	-0.015581616	0.002927843	0.0029181459	0.06273258	1.3746523e-05	-6.5646205	0.0014164657	0.00022654938	-2.8002207	0.087795615	-1.9919065	21.838486	921.77954	45687.264239788055
58	21.858747	5.8607903	28.128244	4.705704	24.256943	4.778739	30.468746	2.0680215	23.442308	22.153671	79.0	0.0	32.5	31.667807	181.0	0.0	1000.0	1000.0	10.346154	11.275	92151.0	0.031237627118644067	2900004.0	0.7821419	0.7153896	1.9519236	-13.360628	0.7821415	0.7153661	1.9954108	-12.896508	2.4994326	1.7433876	45.39227	-11.820693	2.0026846	2.5867643	66.487915	-12.55412	-0.13616055	0.0031023137	0.0031109317	0.06458544	-1.0982282e-06	-6.5282273	0.0014674295	0.00037314888	-3.1205223	0.069403045	-2.0026844	21.911554	922.13904	46609.71090912819
59	21.949036	6.121751	29.902948	4.8409314	21.052816	7.230449	28.202805	2.3381944	19.083334	20.416327	88.0	0.0	18.05	16.64174	74.0	0.0	1000.0	1000.0	10.541667	9.95	93067.0	0.031022333333333332	2950004.0	0.8085663	0.71583366	2.0062096	-18.65052	0.8085623	0.71588975	2.003946	-18.435501	2.500481	1.7067976	36.76493	-9.408689	2.000515	2.5552409	60.620884	-13.365963	-0.09569495	0.0031026895	0.0030744062	0.06325451	1.4683807e-06	-6.5488443	0.0014386919	0.00022797789	-2.9704368	0.09217802	-2.000515	22.424843	927.12024	47536.47685265541
60	21.664158	6.511783	29.435995	0.15025032	19.313217	8.166791	28.55149	-1.2899047	25.75	31.918089	196.0	0.0	29.175	75.92987	491.0	0.0	1000.0	1000.0	10.192307	9.325	94406.0	0.0309527868852459	3000004.0	0.82407904	0.6998101	2.2338796	-26.301725	0.8240825	0.69981253	2.725658	-26.589537	2.5010207	1.6682256	41.747074	-18.449663	1.990205	2.5950742	68.99379	-14.538264	-0.12854385	0.0029229575	0.0029382403	0.060957056	1.7219621e-05	-6.5905633	0.0013810315	0.00020855892	-2.7916272	0.08895185	-1.990205	21.19555	921.58435	48459.81141209602
61	22.362066	4.556994	27.94565	8.177425	19.878632	7.6482754	27.688492	0.24828757	26.854166	32.508965	197.0	0.0	31.225	41.331276	254.0	0.0	1000.0	1000.0	10.541667	9.375	95785.0	0.030898387096774192	3050004.0	0.83842206	0.7054479	2.0224483	-32.841217	0.8384164	0.70545983	2.0461879	-30.362095	2.5009303	1.6590351	55.018585	-11.725782	1.9967979	2.512792	66.64055	-14.26653	-0.11266094	0.0029836225	0.0030030455	0.059465874	5.858426e-06	-6.608681	0.0013539557	0.00022793336	-2.508967	0.102013186	-1.9967979	20.13565	929.2554	49388.19031381607
62	22.352428	4.3330913	28.591774	11.043778	22.532736	5.095564	28.927683	6.1682634	30.26923	26.121841	89.0	0.0	36.375	28.2946	115.0	0.0	1000.0	1000.0	10.461538	10.55	97269.0	0.03087904761904762	3100004.0	0.8697423	0.68133044	2.03006	-16.961374	0.86974376	0.68127674	2.0424263	-16.620588	2.5002623	1.7110529	57.407616	-11.859857	2.0039186	2.535975	67.28035	-12.670789	-0.232695	0.0028429285	0.0028713287	0.061765295	-2.9364317e-06	-6.6083655	0.0013546564	0.00013512337	-2.9874492	0.06473165	-2.0039184	20.364868	928.9384	50316.2192697525
63	22.613464	4.7494106	28.337294	9.629992	23.614254	3.6689599	28.280159	8.747632	35.6875	28.381447	133.0	0.0	35.45	31.137558	148.0	0.0	1000.0	1000.0	10.708333	11.125	99099.0	0.0309684375	3150004.0	0.9486581	0.63962567	3.4064195	-8.224745	0.94865906	0.6396084	2.3923538	-8.964114	2.4994166	1.6627084	51.35176	-11.398876	1.99106	2.5221765	59.125866	-13.635294	-0.28455007	0.0021976128	0.0022035483	0.060394574	1.582186e-05	-6.6193585	0.001343893	0.0005537152	-3.0009685	0.0943542	-1.99106	20.345352	924.6072	51241.1952354908
64	23.84205	4.366877	28.17239	-0.20224608	21.319036	7.7610207	28.272348	-0.17375275	27.403847	27.75044	118.0	0.0	12.0	11.344602	38.0	0.0	1000.0	1000.0	11.615385	10.175	100407.0	0.030894461538461537	3200004.0	1.0403951	0.6244594	2.2101133	-8.078168	1.0403905	0.624461	2.2148004	-7.7087445	2.5005412	1.6724688	42.99418	-10.148787	1.9984154	2.4621875	57.215523	-12.980448	-0.40245572	0.0018979512	0.0018905709	0.06159767	4.1815024e-06	-6.602327	0.0013616967	0.00016552265	-2.9987247	0.06981565	-1.9984156	20.963985	924.8085	52165.95047712326
65	23.212008	3.6681345	29.05105	13.141483	23.970531	5.522877	29.024721	5.2253814	28.479166	22.329903	89.0	0.0	19.025	17.917152	63.0	0.0	1000.0	1000.0	11.083333	11.825	101802.0	0.03084909090909091	3250004.0	1.1228975	0.62768364	2.2704456	-10.067185	1.1228981	0.62766093	2.2756023	-12.163294	2.4996452	1.6298352	43.71875	-13.822733	2.000129	2.4883645	78.493256	-13.100292	-0.5422213	0.00196913	0.0019772644	0.06032443	1.569258e-06	-6.5775075	0.0013981848	0.00020721219	-3.1919913	0.067498975	-2.000129	21.915466	930.1923	53096.06701755524
66	23.770329	3.1335797	28.149218	9.991605	24.971218	3.5896807	31.122969	6.296124	24.26923	21.046757	86.0	0.0	18.4	17.343298	55.0	0.0	1000.0	1000.0	11.134615	12.075	103036.0	0.030757014925373135	3300004.0	1.1642057	0.63898766	2.350392	-14.60725	1.1642092	0.6389881	2.3181925	-14.988537	2.4996965	1.6135104	41.167744	-13.572194	1.9898355	2.4752278	72.38502	-14.431141	-0.5420693	0.0021749223	0.0021751309	0.059514873	1.8551675e-05	-6.562396	0.0014214433	0.0003677938	-2.9898484	0.08399252	-1.9898356	20.698116	923.29675	54019.32916736603
67	23.472494	4.5976753	29.897072	3.616926	25.339535	3.9542234	29.12159	10.250224	28.020834	25.407093	102.0	0.0	34.15	25.910954	94.0	0.0	1000.0	1000.0	11.270833	12.025	104403.0	0.030706764705882354	3350004.0	1.175937	0.67123765	2.3064556	-29.784758	1.1759381	0.67117184	2.3015122	-31.480688	2.4994926	1.5884677	42.986088	-10.513823	1.9794742	2.4808187	53.634617	-12.766452	-0.5460041	0.0025999674	0.0026473992	0.059331637	4.0282277e-05	-6.510745	0.0015029667	0.00050811603	-2.94276	0.09586839	-1.9794744	21.930023	922.0953	54941.35768532753
68	23.41315	5.0191436	27.91402	0.4005235	21.911	7.3007255	28.614979	0.7369523	22.211538	24.544573	97.0	0.0	17.6	17.518276	70.0	0.0	1000.0	1000.0	11.326923	10.675	105536.0	0.03059014492753623	3400004.0	1.2036463	0.65598094	2.2746797	-20.595417	1.2036471	0.65598506	2.2702374	-22.812946	2.5010543	1.5955744	44.256664	-9.885408	2.0042052	2.440068	66.50468	-12.324436	-0.663413	0.0022820435	0.0022813312	0.060512695	-3.7077177e-06	-6.5659227	0.0014144635	6.273279e-05	-3.4073312	0.040303912	-2.0042055	22.002548	928.72766	55870.14832186699
69	22.675344	5.003429	28.199919	6.460246	18.967	8.27052	28.255688	1.0872724	21.375	22.863384	98.0	0.0	9.6	13.207574	59.0	0.0	1000.0	1000.0	10.895833	9.175	106580.0	0.03045142857142857	3450004.0	1.2223103	0.66634464	2.3341885	-18.819809	1.2223104	0.6663172	2.367044	-18.624228	2.5013082	1.587894	46.528534	-8.663392	1.9980216	2.392745	66.844955	-13.576971	-0.60569096	0.0023946492	0.002420873	0.05955912	4.724477e-06	-6.561054	0.0014185031	5.3405267e-05	-2.9427931	0.071480244	-1.9980217	22.560043	923.3299	56793.40207529068
70	21.03725	5.6922646	29.108515	3.0468762	21.425314	7.576762	28.77798	-0.12931126	33.26923	45.703526	321.0	0.0	15.725	24.08629	114.0	0.0	1000.0	1000.0	9.826923	10.4	108292.0	0.030504788732394365	3500004.0	1.1933706	0.68219674	2.357537	-25.360697	1.1933668	0.6821827	2.361937	-26.424702	2.499007	1.615647	46.1684	-18.643435	1.9875928	2.45634	64.81826	-13.226194	-0.50348306	0.002680099	0.0026859753	0.060458858	2.3945611e-05	-6.530463	0.0014696447	0.00052283215	-2.7460945	0.11880552	-1.9875928	21.955591	923.4896	57718.01747941971
71	21.761816	5.594874	28.24937	0.43039343	22.504126	7.2459435	28.256403	2.1811068	26.666666	26.904408	156.0	0.0	13.85	16.472021	63.0	0.0	1000.0	1000.0	10.166667	10.825	109657.0	0.030460277777777777	3550004.0	1.1600714	0.7074546	2.2963352	-39.83397	1.1600704	0.70724624	2.2987936	-37.78617	2.4995298	1.6090717	43.57892	-23.24702	2.0052898	2.432685	78.24466	-13.106823	-0.57900274	0.003551336	0.0036123362	0.060104355	-6.2845397e-06	-6.5357523	0.0014542859	0.0001999572	-2.9850652	0.07028996	-2.0052893	21.734577	924.34937	58641.558000802994
72	23.151701	5.1309958	27.706474	0.60032934	22.69128	7.230099	27.97881	0.06855579	21.25	34.41929	218.0	0.0	22.025	28.859562	128.0	0.0	1000.0	1000.0	11.115385	10.925	110677.0	0.030322465753424656	3600004.0	1.134059	0.68590164	2.2506115	-42.750885	1.1340586	0.6856909	2.2709394	-40.773666	2.500233	1.5867915	36.80853	-19.34214	1.992825	2.466992	83.38867	-12.803003	-0.5616077	0.0031523004	0.0032886036	0.059744347	1.2719011e-05	-6.5725513	0.0014047882	0.00016085968	-3.2489674	0.062035635	-1.992825	21.879274	926.6771	59567.9355404377
73	23.972387	3.8194602	28.482275	8.838933	21.27004	8.046543	29.617836	0.009079731	22.125	22.305292	73.0	0.0	13.1	20.995	87.0	0.0	1000.0	1000.0	11.5	10.15	111775.0	0.03020945945945946	3650004.0	1.1257119	0.70092225	2.2600985	-40.080837	1.1257094	0.7010161	2.2495208	-39.670742	2.4985383	1.5705951	41.271	-13.412865	1.9750183	2.5252702	83.353165	-12.49441	-0.4945991	0.0036608672	0.003641209	0.0576637	5.363273e-05	-6.5018063	0.0015268114	0.0009161777	-3.4619513	0.10658498	-1.9750184	22.604954	924.03564	60492.11991643906
74	24.401052	3.2364998	28.473139	12.574493	25.547525	2.2792466	30.68916	19.378641	23.846153	22.566471	90.0	0.0	21.525	22.605295	82.0	0.0	1000.0	1000.0	11.865385	12.025	112979.0	0.030127733333333333	3700004.0	1.1580058	0.66384166	2.2397685	-31.515999	1.1580104	0.66375285	2.242116	-31.098835	2.50007	1.5660579	34.298126	-9.751854	1.9991497	2.4651349	90.501724	-15.773399	-0.6118245	0.0026835813	0.0026677581	0.056709375	2.8351121e-06	-6.5845637	0.0013854757	0.0001122604	-3.138018	0.061763722	-1.9991497	22.27405	924.4801	61416.55878710747
75	24.570726	3.614907	28.691156	8.33855	19.669662	8.676803	28.59757	-0.07927606	25.208334	67.660904	476.0	0.0	32.05	101.66291	660.0	0.0	1000.0	1000.0	11.75	9.075	114237.0	0.030062368421052633	3750004.0	1.2358096	0.66530484	2.3074145	-54.90905	1.2358083	0.6648138	2.323669	-51.49714	2.5004141	1.5677003	36.57771	-7.250029	1.9948915	2.3784606	76.81984	-12.465841	-0.7250425	0.0026726343	0.0027598657	0.05751753	1.0041034e-05	-6.5479646	0.0014397894	0.00012966212	-4.6809926	0.039842136	-1.9948915	21.94989	934.68036	62351.2922410965
76	23.532948	3.6847863	28.866753	11.466494	22.17362	6.264725	28.17174	2.3150437	27.26923	21.677813	89.0	0.0	30.525	45.720337	277.0	0.0	1000.0	1000.0	11.230769	10.5	115607.0	0.030027792207792208	3800004.0	1.3022202	0.6360261	2.3462348	-43.78659	1.3022279	0.63603014	2.3600607	-41.335777	2.4971657	1.5886648	35.19755	-10.917105	2.0023863	2.4133122	81.63363	-13.703081	-0.93042874	0.0023391028	0.0023898531	0.057033263	-1.4492608e-06	-6.5785575	0.0013937842	5.4401055e-05	-5.3336296	0.016386813	-2.0023863	22.164755	935.28564	63286.39712238312
77	22.675001	5.779456	28.686085	2.5452359	22.111725	7.297922	29.484852	0.47817755	19.625	18.15859	69.0	0.0	41.975	140.34947	910.0	0.0	1000.0	1000.0	10.75	10.5	116588.0	0.029894358974358975	3850004.0	1.3511894	0.64170533	2.3678694	-54.092384	1.3511811	0.64156634	2.3578455	-55.077118	2.4995866	1.5851316	34.544266	-15.010044	1.9986421	2.421759	70.487915	-14.117068	-0.85121983	0.0025228295	0.002557665	0.058172148	4.0869827e-06	-6.5450044	0.0014423523	0.00032583205	-4.281857	0.04301379	-1.9986422	22.250603	941.8529	64228.329957962036
78	23.46367	4.403951	29.365196	8.849971	24.295282	3.4148872	28.031168	13.687817	28.192308	45.16467	295.0	0.0	25.8	22.415619	84.0	0.0	1000.0	1000.0	11.403846	11.625	118015.0	0.029877215189873418	3900004.0	1.3678619	0.64927983	2.3484132	-52.267925	1.3678657	0.6493265	2.3607035	-50.722713	2.4985375	1.5781636	41.117023	-16.692469	1.9970949	2.4219334	79.01174	-13.230715	-0.99877656	0.0026934631	0.002683596	0.060191873	5.9927793e-06	-6.5624423	0.001418226	9.57449e-06	-6.427459	0.003292181	-1.9970953	22.319874	932.4083	65160.77186751366
79	23.4628	5.708079	30.410494	2.3781	22.409275	6.438975	29.659548	1.9604082	19.270834	33.21316	219.0	0.0	18.325	21.129822	101.0	0.0	1000.0	1000.0	11.520833	10.4	119003.0	0.02975075	3950004.0	1.4088625	0.6159116	2.3859138	-43.38085	1.4088593	0.6159409	2.383434	-45.6847	2.4975293	1.5538632	40.038284	-16.504705	2.0041246	2.4487514	73.22866	-11.529573	-1.0846587	0.0019830822	0.0020553537	0.060801376	-4.0275854e-06	-6.5874825	0.0013818347	3.7314865e-07	-10.461535	9.2115355e-05	-2.0041249	22.034855	935.09155	66095.63384008408
80	24.525303	3.1032238	28.758018	9.395554	22.217676	7.791718	28.53931	-0.18259105	24.557692	36.527866	220.0	0.0	14.425	14.2441	67.0	0.0	1000.0	1000.0	11.846154	10.6	120217.0	0.02968320987654321	4000004.0	1.4705044	0.60173815	2.4430976	-7.923442	1.4705034	0.6017421	2.43059	-8.219288	2.499166	1.5510917	43.04347	-14.970096	1.9976567	2.4726381	66.126785	-12.34797	-1.1077561	0.0017425885	0.001743912	0.060524765	5.161626e-06	-6.607519	0.0013542352	1.0190406e-09	-14.815734	5.519399e-07	-1.9976568	21.564938	940.33984	67037.2814617157
81	23.438492	4.0347204	28.4218	10.011419	19.48228	8.2143345	28.874323	0.31665188	31.291666	32.01169	119.0	0.0	24.025	26.59745	108.0	0.0	1000.0	1000.0	11.0625	9.175	121756.0	0.029696585365853657	4050004.0	1.513792	0.5973282	2.4694777	-11.910475	1.5137928	0.59731525	2.454474	-11.815083	2.4960423	1.5374684	44.963768	-11.615975	2.0018508	2.5232298	91.74287	-12.4865465	-1.2353841	0.0017964981	0.0017915984	0.060057264	-7.340896e-07	-6.6198845	0.0013382854	2.6514813e-11	-19.25908	1.1307909e-08	-2.0018508	21.998543	934.035	67970.17955994606
82	23.665823	5.1475363	28.803955	3.7184103	24.25059	5.214001	29.748102	3.1375191	22.51923	21.53574	88.0	0.0	25.15	25.294811	98.0	0.0	1000.0	1000.0	11.288462	11.4	122890.0	0.029612048192771086	4100004.0	1.548112	0.59093297	2.4699464	-21.840902	1.5481085	0.59096503	2.4636006	-22.154133	2.4986374	1.5140826	46.57304	-14.628241	1.9995692	2.5561836	72.525	-13.193604	-1.2138658	0.0018805187	0.0018233914	0.059846327	2.1973742e-06	-6.627331	0.001327612	2.3816826e-13	-22.67463	1.4546196e-10	-1.9995694	20.303707	935.59766	68906.35306859016
83	23.742884	4.5282755	28.596031	10.036974	25.317364	3.9088893	29.738045	8.744029	25.854166	27.633005	147.0	0.0	29.275	20.909313	77.0	0.0	1000.0	1000.0	11.125	12.1	124154.0	0.02956047619047619	4150004.0	1.5481021	0.589376	2.4876866	-24.417381	1.548104	0.58938646	2.4889731	-25.55498	2.495658	1.4910002	39.758377	-16.768154	2.0043464	2.4734595	65.270035	-13.312254	-1.2985125	0.002021066	0.002032986	0.060541183	-4.367563e-06	-6.595561	0.001370824	2.7841648e-13	-23.412985	7.0157456e-11	-2.0043466	22.088022	943.7556	69849.57545375824
84	23.451883	5.593781	29.697136	0.44962952	17.236034	9.308822	28.45873	0.42681494	32.23077	67.23198	487.0	0.0	14.975	24.574875	133.0	0.0	1000.0	1000.0	11.153846	8.35	125807.0	0.02960164705882353	4200004.0	1.5613862	0.5778532	2.4786725	-35.653828	1.561386	0.5779849	2.4822197	-40.977776	2.4981296	1.4295616	44.408905	-15.6809225	1.9926424	2.4490213	66.84403	-12.324988	-1.2807183	0.0022784236	0.0022281464	0.05846229	1.1594457e-05	-6.5867925	0.0013828955	6.293294e-14	-24.08064	3.4895527e-11	-1.9926425	22.327627	933.6679	70783.1481487751
85	24.623774	3.6171403	28.529688	6.9931517	24.771091	5.8863854	28.88113	2.7496932	19.0	20.805649	98.0	0.0	32.025	32.61632	140.0	0.0	1000.0	1000.0	12.0	11.875	126769.0	0.029481162790697676	4250004.0	1.5557886	0.5925723	2.4734116	-33.887318	1.5557874	0.5926368	2.4695354	-28.998768	2.4943383	1.3966879	39.96488	-19.441181	2.0039358	2.4724255	77.25432	-13.255413	-1.3815106	0.0022054422	0.0021219705	0.055266347	-3.2709695e-06	-6.626126	0.0013271341	1.3125994e-13	-24.437386	2.4690477e-11	-2.0039358	22.395714	934.37683	71717.83310484886
86	24.653225	3.37948	29.066742	10.424577	24.400637	6.3427	29.27302	0.19733769	22.461538	19.139631	77.0	0.0	28.625	53.365105	331.0	0.0	1000.0	1000.0	11.596154	11.775	127887.0	0.029399310344827585	4300004.0	1.5792534	0.5943978	2.488732	-23.252949	1.5792556	0.594365	2.4859533	-21.292505	2.4954526	1.3294649	40.301624	-11.969959	1.9982977	2.4095535	71.753296	-14.058085	-1.4028033	0.001965855	0.001968312	0.05279821	3.5507755e-06	-6.6866326	0.0012509428	7.0828455e-14	-24.851122	1.6180588e-11	-1.9982978	22.398367	940.33685	72658.01811766624
87	24.574394	3.3509443	29.100138	11.117318	17.503119	7.183997	30.131958	2.0731227	24.229166	26.111332	133.0	0.0	25.75	22.808716	76.0	0.0	1000.0	1000.0	11.729167	8.125	129073.0	0.029334772727272727	4350004.0	1.6165503	0.57350683	2.518226	-20.152838	1.6165459	0.5734978	2.5195234	-19.906483	2.4935987	1.3600733	33.84431	-8.1470785	2.0016763	2.4512477	75.043724	-13.283997	-1.476385	0.001916472	0.0019247088	0.05337784	-4.463266e-07	-6.714474	0.0012164139	7.502097e-14	-25.091772	1.27125055e-11	-2.0016763	22.255802	936.15796	73594.00649142265
88	24.271654	2.7639544	27.892292	11.07299	23.078245	7.065243	28.76911	1.4191629	31.865385	29.43639	140.0	0.0	37.325	30.028643	132.0	0.0	1000.0	1000.0	11.5	10.875	130707.0	0.029372359550561798	4400004.0	1.6597948	0.5468886	2.5277407	-20.496124	1.6597993	0.54691374	2.5380654	-20.006027	2.492937	1.3431503	42.935246	-7.1486616	1.9995275	2.4220006	75.550896	-13.580918	-1.5455152	0.001771229	0.0017534774	0.052131884	1.9376375e-06	-6.679726	0.0012581082	6.30126e-14	-25.428488	9.067539e-12	-1.9995275	22.51654	941.9184	74536.12747597694
89	24.15685	2.8720148	28.31208	15.426967	19.413115	9.137813	28.912598	0.037804507	36.083332	37.804783	166.0	0.0	27.95	90.93595	588.0	0.0	1000.0	1000.0	11.3125	9.25	132448.0	0.02943288888888889	4450004.0	1.6962492	0.5437938	2.5288968	-21.524792	1.6962517	0.5437653	2.5342844	-21.744993	2.49609	1.3535817	37.592926	-8.382026	1.9987737	2.4220548	86.045975	-13.311631	-1.4972197	0.0016841973	0.0016950612	0.052705187	2.9468772e-06	-6.7192435	0.0012106429	2.8784548e-14	-25.618238	7.487308e-12	-1.9987737	22.49435	940.1555	75476.2930214405
90	24.824825	4.1134787	29.880741	4.1445093	22.491106	8.007011	30.80078	-0.025432538	23.23077	27.923393	148.0	0.0	30.75	94.71477	614.0	0.0	1000.0	1000.0	11.826923	11.075	133647.0	0.02937296703296703	4500004.0	1.711445	0.5436498	2.5540972	-18.592327	1.7114449	0.54366857	2.5492158	-16.5549	2.4958274	1.3255422	41.166355	-13.235746	1.9980584	2.5059123	82.97974	-12.291731	-1.5293453	0.0018498923	0.0018337158	0.05195188	3.6547578e-06	-6.6889625	0.0012481386	2.7492408e-14	-25.74219	6.615336e-12	-1.9980581	22.112125	936.2932	76413.48428344727
91	24.135757	3.8596926	28.228474	4.2518425	24.05317	4.447217	29.67933	9.042209	19.354166	19.78898	91.0	0.0	19.925	20.535807	76.0	0.0	1000.0	1000.0	11.333333	11.525	134661.0	0.029274130434782608	4550004.0	1.7250338	0.536275	2.5418158	-19.068375	1.7250279	0.5362516	2.5515914	-19.103693	2.4985206	1.3163965	36.663895	-11.64518	2.0073972	2.509089	83.343666	-14.866251	-1.4788525	0.0018807279	0.0018825721	0.051021323	-7.1059953e-06	-6.650461	0.0012978526	8.661409e-15	-25.812042	6.1662745e-12	-2.0073974	22.067314	936.6588	77349.02078604698
92	24.331608	3.9911542	29.120342	7.2998037	25.696003	2.714924	27.78773	10.384691	24.557692	26.402515	113.0	0.0	21.575	23.450893	79.0	0.0	1000.0	1000.0	11.519231	12.425	135853.0	0.029215698924731182	4600004.0	1.7639284	0.52668643	2.5725718	-12.13221	1.763931	0.526662	2.575305	-12.935434	2.492644	1.3134294	32.30974	-8.962218	1.9942448	2.4444938	86.908035	-12.895634	-1.6672983	0.0014350264	0.0014351105	0.05088295	8.708777e-06	-6.7168994	0.0012150104	4.1234363e-14	-25.89967	5.653941e-12	-1.994245	22.78189	942.4796	78291.78378510475
93	25.295755	1.8228282	28.822802	20.102825	23.842274	7.4950876	31.450079	0.3466978	21.854166	21.867014	98.0	0.0	18.725	17.162441	62.0	0.0	1000.0	1000.0	11.895833	11.425	136935.0	0.029135106382978723	4650004.0	1.8094329	0.52658486	2.5897617	-12.809018	1.8094317	0.52650815	2.58907	-11.668052	2.4977815	1.3373365	38.606224	-11.091238	2.00205	2.3689945	84.61676	-14.350959	-1.5762278	0.001319231	0.0013354364	0.050376926	-6.443697e-07	-6.779728	0.0011396199	1.0854109e-14	-25.98126	5.206355e-12	-2.0020502	22.151775	937.7356	79229.70116972923
94	24.527824	3.3099272	27.27152	10.62735	20.754292	7.3826857	31.299026	0.5251742	22.134615	19.30029	71.0	0.0	27.8	82.08813	532.0	0.0	1000.0	1000.0	11.538462	10.0	138053.0	0.02906378947368421	4700004.0	1.8409334	0.5135552	2.617649	-24.810442	1.8409334	0.513448	2.6131282	-24.300491	2.496845	1.3266912	37.225185	-10.403299	2.0036523	2.3062084	61.138954	-13.38128	-1.6344303	0.0014795475	0.0014618476	0.04950693	-3.0293259e-06	-6.729602	0.0011977305	1.486804e-14	-26.059755	4.813747e-12	-2.003652	22.507803	940.9684	80170.36594605446
95	24.360384	3.887473	28.82363	8.799467	20.8479	8.535477	28.338463	0.5805567	22.645834	22.241562	98.0	0.0	18.225	16.879704	65.0	0.0	1000.0	1000.0	11.770833	9.875	139167.0	0.028993125	4750004.0	1.8505802	0.4979931	2.6111884	-28.290442	1.8505851	0.49794385	2.6064348	-27.56039	2.4929695	1.3441631	31.180634	-9.806019	1.9973935	2.3221889	77.635605	-13.369518	-1.7329932	0.0017270764	0.0017168474	0.050008494	4.7254484e-06	-6.766725	0.0011550754	3.0795628e-14	-26.135225	4.466637e-12	-1.9973937	22.315662	942.1325	81112.46534705162
96	23.507822	4.9971623	29.643578	2.048703	25.061625	4.8625517	30.104961	0.6430385	25.884615	26.599348	132.0	0.0	29.225	25.228445	109.0	0.0	1000.0	1000.0	11.192307	11.875	140486.0	0.02896618556701031	4800004.0	1.8312771	0.5178017	2.60236	-26.732313	1.831274	0.5178448	2.602657	-22.414532	2.4952629	1.3747071	33.738087	-10.987191	2.0015168	2.4308484	62.767166	-13.137422	-1.6427114	0.0016751278	0.0016429947	0.051315933	-4.14308e-07	-6.7697244	0.0011516508	1.867021e-14	-26.235165	4.0393214e-12	-2.0015168	21.413622	938.22095	82051.20952343941
97	23.98348	4.133507	28.467785	5.5311103	22.373444	6.3402185	29.505024	0.5284683	20.979166	28.20645	167.0	0.0	19.7	22.192566	108.0	0.0	1000.0	1000.0	11.3125	10.875	141511.0	0.028879795918367347	4850004.0	1.8180498	0.5179133	2.5810366	-18.6024	1.8180472	0.5178612	2.5871105	-16.514435	2.4919026	1.3791978	34.821762	-13.135737	1.9979672	2.4788408	67.97399	-13.972558	-1.7090447	0.0017285974	0.0017369548	0.05152577	4.1517405e-06	-6.8256364	0.0010896828	2.925902e-14	-26.33235	3.666465e-12	-1.9979672	22.214281	936.9098	82987.44550943375
98	23.045736	5.331864	28.817993	1.7686927	25.09261	4.2299924	30.929646	10.295874	20.615385	21.967768	130.0	0.0	26.15	22.264938	88.0	0.0	1000.0	1000.0	11.038462	12.125	142565.0	0.0288010101010101	4900004.0	1.8214816	0.50941914	2.5851548	-14.476638	1.8214822	0.5094327	2.5929265	-15.0254965	2.4842176	1.4233909	32.64853	-6.8528986	1.9969766	2.5477629	64.895706	-14.282821	-1.8827986	0.0016293402	0.0016349887	0.05269126	4.544897e-06	-6.8888254	0.001021812	4.90364e-14	-26.49063	3.1329704e-12	-1.9969769	21.659058	939.95667	83927.66754102707
99	23.601274	4.7522984	28.355806	3.2925882	23.87005	5.2413774	29.487803	8.275366	26.0625	29.018965	170.0	0.0	32.8	44.089794	228.0	0.0	1000.0	1000.0	11.375	11.575	143918.0	0.0287836	4950004.0	1.8135585	0.5151119	2.6057532	-12.688868	1.813559	0.5150885	2.6136706	-11.220661	2.4846225	1.4714803	38.153996	-7.6746035	1.997989	2.5425334	62.15459	-13.441201	-1.8478941	0.0016720593	0.0016858117	0.054956157	3.27691e-06	-6.90931	0.0010019935	4.001083e-14	-26.66929	2.618986e-12	-1.9979894	19.927475	736.1494	84664.64536452293
