Epoch	AverageEpRet	StdEpRet	MaxEpRet	MinEpRet	AverageTestEpRet	StdTestEpRet	MaxTestEpRet	MinTestEpRet	AverageEpCost	StdEpCost	MaxEpCost	MinEpCost	AverageTestEpCost	StdTestEpCost	MaxTestEpCost	MinTestEpCost	EpLen	TestEpLen	EpGoals	TestEpGoals	CumulativeCost	CostRate	TotalEnvInteracts	AverageQR1Vals	StdQR1Vals	MaxQR1Vals	MinQR1Vals	AverageQR2Vals	StdQR2Vals	MaxQR2Vals	MinQR2Vals	AverageQCVals	StdQCVals	MaxQCVals	MinQCVals	AverageLogPi	StdLogPi	MaxLogPi	MinLogPi	LossPi	LossQR1	LossQR2	LossQC	LossAlpha	LogAlpha	Alpha	LossBeta	LogBeta	Beta	PiEntropy	TestTime	EpochTime	TotalTime
1	-1.330705	3.0366704	6.292368	-9.715113	-11.434158	6.895521	0.14061604	-28.233438	55.354168	90.22183	396.0	0.0	4.475	8.282474	32.0	0.0	1000.0	1000.0	0.33333334	0.15	2766.0	0.02766	50004.0	-1.2716005	1.8830278	3.887087	-10.80822	-1.315951	1.8440219	3.8721416	-10.559564	1.0854797	3.3471825	33.90994	-3.6075623	0.73607016	2.6920598	35.443874	-13.879969	3.8537788	0.08002482	0.06516511	0.031843398	0.22521414	-3.1307876	0.115225755	0.082546405	-8.695473	0.024551708	-0.73607016	24.57745	433.26328	436.3020443916321
2	-0.7521792	3.0364244	3.7668366	-12.650204	0.7824894	1.7259775	6.909356	-1.5063058	76.65385	126.518295	597.0	0.0	48.325	146.35956	738.0	0.0	1000.0	1000.0	0.48076922	0.425	6643.0	0.04428666666666667	100004.0	-1.2338549	1.220835	6.156185	-7.6203413	-1.2338568	1.2208189	6.1176114	-7.5845613	2.462989	3.5424187	32.83659	-7.605293	1.9789586	3.87466	59.01733	-13.840975	2.2796717	0.0021305731	0.0021498466	0.043617677	9.288889e-05	-5.7043037	0.003413891	4.869875e-07	-12.256191	8.054386e-06	-1.9789587	23.183155	524.013	960.0645546913147
3	0.033222098	1.404581	3.1232383	-3.525127	-0.42812443	3.2845304	4.8762884	-14.511654	40.958332	80.871025	374.0	0.0	42.5	109.18402	499.0	0.0	1000.0	1000.0	0.35416666	0.55	8653.0	0.043265	150004.0	-1.1441919	0.80077076	1.6756169	-6.045154	-1.1441959	0.8007685	1.6145161	-6.2442183	2.4818563	3.2427487	33.221344	-14.428111	1.9765832	4.2889743	66.44377	-11.454837	2.3269913	0.0008454041	0.0008394289	0.062086128	8.358057e-05	-5.9447827	0.002658219	1.3991999e-09	-17.366943	1.2788e-07	-1.9765832	18.78807	532.97144	1492.8920197486877
4	0.36385614	1.6483959	5.568895	-2.1608155	0.01848339	1.3696022	3.6502123	-2.431385	51.596153	98.71312	620.0	0.0	16.15	34.859398	170.0	0.0	1000.0	1000.0	0.3846154	0.325	11292.0	0.045168	200004.0	-1.1194257	0.6858634	0.5253173	-4.488556	-1.1194242	0.68585336	0.58852077	-4.464597	2.4766562	3.3366766	36.032948	-9.895784	2.0096135	4.556205	76.95152	-13.136373	2.2733953	0.0006568386	0.0006632685	0.075902626	-1.8619261e-05	-5.800604	0.0030881579	4.529139e-12	-23.09027	1.755303e-10	-2.0096135	16.267174	545.5293	2038.4732148647308
5	0.0005134344	1.7886497	4.0803933	-4.7643456	-0.23654275	1.1468157	2.0126176	-2.3822606	43.729168	107.20051	670.0	0.0	22.85	50.747192	205.0	0.0	1000.0	1000.0	0.39583334	0.175	13391.0	0.044636666666666665	250004.0	-1.1170219	0.64603645	0.58515644	-4.8140516	-1.11702	0.64602125	0.59013283	-4.69911	2.4772296	3.2560148	36.89289	-13.754874	1.972515	4.466657	96.05069	-11.272065	2.209049	0.0006837238	0.00069588	0.08079746	8.703159e-05	-5.8766174	0.0028775537	2.488165e-13	-25.322552	1.0378837e-11	-1.9725151	16.704897	540.44073	2578.792917728424
6	0.8046342	1.4604502	4.1178837	-1.459102	0.64206254	1.4869602	6.035188	-1.7108059	38.384617	76.39225	343.0	0.0	25.575	77.006454	394.0	0.0	1000.0	1000.0	0.53846157	0.375	15387.0	0.043962857142857144	300004.0	-1.0767169	0.6088387	0.8337064	-5.288592	-1.0767176	0.6088274	0.7485641	-5.402366	2.474586	3.1200855	38.582607	-23.391174	1.9710103	4.442279	75.66381	-12.451959	1.9539578	0.0006665468	0.00067334826	0.07941607	8.1816164e-05	-6.01207	0.0025009415	1.3387686e-13	-25.984087	5.242863e-12	-1.9710106	23.363325	538.4291	3117.39302444458
7	0.011084872	1.2919761	2.899213	-2.4129455	0.5311887	0.94053227	3.9319358	-0.75736797	40.0	79.70859	296.0	0.0	44.375	103.47673	493.0	0.0	1000.0	1000.0	0.25	0.225	17582.0	0.043955	350004.0	-1.0654932	0.61989623	1.0070965	-5.321299	-1.0654901	0.6198882	0.9302362	-5.2347097	2.472145	3.2236655	44.698627	-22.038572	1.9945977	4.50107	81.68214	-11.801126	1.9991593	0.0006393268	0.0006485685	0.087135755	2.622188e-05	-5.931381	0.0027233146	9.384758e-14	-26.409437	3.411474e-12	-1.9945977	18.693634	514.25055	3631.670191049576
8	-0.09202691	0.9762676	2.9030437	-2.2078393	-0.09440478	0.8100894	2.4417775	-1.8154795	23.01923	76.29131	505.0	0.0	38.825	131.25583	605.0	0.0	1000.0	1000.0	0.23076923	0.125	18504.0	0.04112	400004.0	-1.0189049	0.62686795	0.8081897	-5.4730573	-1.0188998	0.6268633	0.7905377	-5.4625745	2.472244	3.2382247	40.236423	-17.646439	1.9762815	4.390839	71.98136	-12.378866	1.972974	0.00060408475	0.00060952036	0.08728461	6.640286e-05	-6.0626526	0.0023859546	6.791671e-14	-26.736277	2.4547517e-12	-1.9762815	17.74588	531.36255	4162.8737626075745
9	0.3617517	1.3348191	4.4435105	-1.6289608	0.3970163	1.1360247	3.6732814	-1.2422166	32.416668	101.23485	569.0	0.0	56.775	170.64824	831.0	0.0	1000.0	1000.0	0.41666666	0.35	20060.0	0.04012	450004.0	-0.9884078	0.63322216	0.7370148	-6.0454173	-0.98839897	0.6332335	0.87310493	-6.695126	2.4645197	3.0414903	41.00663	-17.206251	1.9670326	4.3626823	104.96432	-12.795507	1.5558385	0.00067168055	0.0006716919	0.082668185	7.3009905e-05	-6.0944085	0.0023167448	6.645783e-14	-27.010153	1.865671e-12	-1.9670326	17.7929	538.54944	4701.4313185215
10	0.08870962	1.2519776	5.1579056	-1.723659	-0.1562819	0.99591035	2.4806786	-1.7114496	39.25	80.38223	323.0	0.0	36.45	137.75032	821.0	0.0	1000.0	1000.0	0.23076923	0.15	22101.0	0.040183636363636366	500004.0	-0.9383086	0.5971453	0.5789348	-5.233274	-0.93830556	0.5971448	0.59932244	-5.1091185	2.4715521	2.8774576	46.434837	-14.252554	1.9919647	4.2644877	76.74515	-13.016874	1.5127411	0.0006196598	0.00062178704	0.0809425	1.8805933e-05	-6.349489	0.0017859039	4.2875907e-14	-27.22293	1.5057117e-12	-1.9919648	17.794407	536.6836	5238.543881893158
11	0.048081037	1.0304812	3.24726	-2.1172974	0.17577419	0.8929896	2.7827065	-1.171816	20.8125	64.64668	367.0	0.0	24.775	128.54387	824.0	0.0	1000.0	1000.0	0.20833333	0.275	23145.0	0.038575	550004.0	-0.899183	0.57439244	0.68569416	-6.0677752	-0.89918274	0.57438844	0.7606119	-5.911964	2.4689465	2.8963115	43.631405	-21.392653	1.9913104	4.4933553	93.28419	-11.465983	1.4347367	0.0006347314	0.0006375344	0.08318282	2.3238936e-05	-6.227465	0.0020341726	3.97096e-14	-27.37918	1.287814e-12	-1.9913104	20.173836	525.5224	5763.8834364414215
12	-0.07818702	0.99506956	3.2388897	-2.0427713	0.15865694	0.9465545	2.3756645	-1.3548647	16.403847	50.98954	340.0	0.0	43.65	165.74687	949.0	0.0	1000.0	1000.0	0.17307693	0.2	23953.0	0.03685076923076923	600004.0	-0.8687703	0.54563636	0.8531776	-5.340386	-0.86877203	0.5456363	0.99502623	-5.3706765	2.4696898	2.7828233	43.93522	-12.880244	1.9949422	4.4894414	85.08797	-11.347549	1.3207626	0.00057248335	0.0005701572	0.07937313	1.0494089e-05	-6.3966494	0.0017056569	3.349333e-14	-27.52641	1.1110689e-12	-1.9949422	24.023224	528.23425	6292.031943082809
13	0.037072796	1.171361	3.3826458	-1.5939405	-0.023170209	1.0030249	3.850603	-1.80611	13.041667	33.84829	157.0	0.0	31.95	91.26991	518.0	0.0	1000.0	1000.0	0.20833333	0.225	25020.0	0.035742857142857146	650004.0	-0.8386077	0.5219862	1.3784182	-6.2909985	-0.8386082	0.52199066	1.4422741	-6.2307324	2.4712996	2.6151	48.41534	-15.962738	1.9856979	4.4234953	92.93135	-11.99603	1.1941142	0.0005300652	0.000527805	0.07669028	2.516223e-05	-6.448823	0.0016253447	2.8044958e-14	-27.65033	9.814078e-13	-1.9856979	18.485115	518.68365	6810.620177984238
14	-0.041380167	0.9743375	2.8448355	-1.6642857	-0.2507313	0.9624996	2.412764	-1.8872643	39.576923	100.42799	448.0	0.0	46.95	192.72856	928.0	0.0	1000.0	1000.0	0.1923077	0.125	26637.0	0.035516	700004.0	-0.8077592	0.50954324	1.132266	-6.7943473	-0.8077612	0.5095357	1.0898683	-6.458674	2.480274	2.5962331	50.027622	-18.868126	1.9705367	4.4715796	91.88591	-12.940361	1.3718662	0.0005155746	0.00051964656	0.07420564	5.1570223e-05	-6.377338	0.0017316606	1.7571419e-14	-27.743538	8.93771e-13	-1.9705368	18.335789	535.23096	7345.85950756073
15	0.1297007	1.025251	3.1617503	-1.8961983	0.112872265	1.2119769	4.181031	-1.6709635	5.6875	18.369081	109.0	0.0	3.45	19.825426	127.0	0.0	1000.0	1000.0	0.27083334	0.25	26910.0	0.0336375	750004.0	-0.775621	0.48395282	0.81237376	-5.925149	-0.7756224	0.48394445	0.5942755	-5.8969994	2.4777544	2.6170952	58.545948	-22.856424	1.9994358	4.380981	87.000595	-11.986586	1.2999362	0.00044728725	0.00044957345	0.07237216	8.200641e-06	-6.533831	0.0014926249	1.8448798e-14	-27.808437	8.376241e-13	-1.9994357	18.171684	534.8773	7880.765772342682
16	0.100591585	1.1334962	3.4884357	-1.8334221	0.035556816	1.0445734	3.2842152	-1.6068141	28.038462	86.20927	561.0	0.0	39.45	161.6663	883.0	0.0	1000.0	1000.0	0.25	0.2	28368.0	0.033374117647058825	800004.0	-0.73905873	0.43815738	0.7131059	-4.1497746	-0.7390615	0.43814504	0.79487336	-4.204314	2.4662938	2.562305	42.09974	-12.036494	1.9849719	4.4381847	122.44787	-13.128175	0.94301206	0.0004065469	0.0004100734	0.07321441	2.9399262e-05	-6.5713043	0.0014285746	2.5632172e-14	-27.899382	7.649572e-13	-1.9849715	19.145138	530.8619	8411.550893306732
17	-0.030291364	1.0911022	3.2695792	-1.4972472	-0.85848695	3.9522502	5.0898986	-13.068452	61.854168	136.96289	530.0	0.0	20.85	71.52501	448.0	0.0	1000.0	1000.0	0.25	0.425	31337.0	0.03481888888888889	850004.0	-0.7422786	0.42379755	0.6585237	-4.932187	-0.7422765	0.42379978	0.6909659	-4.861062	2.467674	2.6326027	49.595375	-14.38808	1.9980533	4.1157985	80.06663	-12.817785	1.039037	0.00042887466	0.00042731597	0.077922836	4.1990756e-06	-6.5297656	0.0015046231	2.2334722e-14	-27.999485	6.9201817e-13	-1.9980534	23.381348	516.7042	8928.620862722397
18	0.17390189	1.2954329	4.084842	-1.7549465	-0.35612077	1.1062753	2.961652	-3.4642751	26.576923	82.453804	537.0	0.0	26.7	134.45914	856.0	0.0	1000.0	1000.0	0.34615386	0.2	32719.0	0.03444105263157895	900004.0	-0.8005543	0.41956356	0.76926005	-5.256705	-0.8005536	0.419561	0.7406094	-5.220194	2.4730716	2.462133	42.89071	-17.947346	1.999643	4.140579	108.32883	-13.730771	1.0847222	0.0004418268	0.00044094006	0.07595737	2.0935463e-06	-6.5247874	0.0015029064	1.7184003e-14	-28.07525	6.414502e-13	-1.9996431	18.215805	526.4717	9454.746131420135
19	0.33399734	1.4336565	4.4114804	-2.1511164	0.053350735	0.9272301	1.7209717	-1.9304997	46.0625	111.91373	584.0	0.0	3.375	12.134017	74.0	0.0	1000.0	1000.0	0.375	0.225	34930.0	0.03493	950004.0	-0.8085716	0.40544137	0.74581754	-5.418	-0.80857205	0.40543562	0.7329134	-5.1390367	2.47249	2.5024273	51.334755	-11.446106	1.9813478	4.1622496	105.69361	-11.7591915	1.1272445	0.00044926375	0.0004513379	0.078000896	3.609621e-05	-6.59246	0.0013953388	1.6417374e-14	-28.145624	5.978504e-13	-1.9813479	18.284346	532.4691	9987.200305461884
20	0.07664645	1.0325732	2.9286885	-1.8271117	0.19243354	0.95330065	2.8736112	-1.1088845	34.28846	83.94534	343.0	0.0	49.675	196.77277	922.0	0.0	1000.0	1000.0	0.21153846	0.175	36713.0	0.03496476190476191	1000004.0	-0.76169807	0.39039	0.77344006	-5.8124423	-0.76170063	0.39039233	0.9851039	-5.857835	2.482047	2.5039062	51.489	-13.431976	1.9722825	4.002997	68.800026	-13.581837	1.2916908	0.00043267882	0.00043187072	0.079807736	3.8103164e-05	-6.639325	0.0013545206	1.014049e-14	-28.198317	5.670955e-13	-1.9722823	18.854498	530.6335	10518.24053812027
21	0.30641142	1.0789458	3.5546944	-1.3320991	-0.006723595	1.3455998	5.7100964	-1.4963807	16.770834	55.321873	346.0	0.0	36.975	144.17343	751.0	0.0	1000.0	1000.0	0.25	0.2	37537.0	0.034124545454545456	1050004.0	-0.6997362	0.3926397	0.8402641	-11.906077	-0.699733	0.3926445	0.69989944	-11.887717	2.482756	2.4644651	52.64977	-19.900698	1.9787195	3.9793575	78.48892	-11.432249	1.210078	0.00051808584	0.00050928304	0.078963	2.727294e-05	-6.743288	0.0012112776	9.366095e-15	-28.23594	5.461506e-13	-1.9787194	22.790604	533.0469	11050.830001831055
22	0.39783302	1.2286581	3.932624	-1.3242661	0.102488056	0.83572805	2.3629618	-1.1634387	31.51923	86.795845	523.0	0.0	5.475	19.41261	106.0	0.0	1000.0	1000.0	0.30769232	0.175	39157.0	0.0340495652173913	1100004.0	-0.68238413	0.40472537	0.9776015	-11.927729	-0.68238544	0.4047262	0.88848364	-12.113002	2.4788144	2.5326774	51.2521	-20.368958	1.9868234	4.1595	103.17033	-14.351114	1.1714329	0.0005072171	0.0005124599	0.07970838	1.5324971e-05	-6.5840864	0.001411307	1.105891e-14	-28.27729	5.2404256e-13	-1.9868233	25.01809	508.8756	11559.876274347305
23	0.29515752	1.128421	3.7470748	-2.0477636	0.6980989	1.3844196	4.236707	-1.0982891	22.395834	87.686646	465.0	0.0	51.675	173.61688	833.0	0.0	1000.0	1000.0	0.3125	0.525	40232.0	0.03352666666666667	1150004.0	-0.6667529	0.37879023	2.0710647	-6.4525347	-0.66675234	0.37878415	1.8422983	-6.642788	2.484952	2.3157868	48.92633	-26.103489	1.9980309	4.136037	79.00512	-13.524374	1.1372062	0.0004721094	0.00047498159	0.07308181	4.2774104e-06	-6.84048	0.0010959776	7.552661e-15	-28.312984	5.0563834e-13	-1.9980309	18.51996	513.04376	12072.77887392044
24	0.65538746	1.5715082	4.2758207	-1.6778181	0.14016862	0.86228234	2.0084786	-1.9514927	17.673077	37.51293	165.0	0.0	30.975	96.025635	557.0	0.0	1000.0	1000.0	0.61538464	0.225	41151.0	0.0329208	1200004.0	-0.6592536	0.35548815	0.59367156	-4.8876987	-0.65925485	0.3554828	0.6386344	-4.93541	2.4766624	2.3647707	58.405987	-12.384273	2.001509	4.3506045	93.75387	-12.000923	0.9678483	0.00043805977	0.0004398722	0.07499122	8.211005e-06	-6.63147	0.0013687485	1.1307135e-14	-28.349846	4.8736986e-13	-2.001509	18.343464	537.0543	12609.936758995056
25	0.2550255	1.3580014	5.2170224	-1.6781498	-0.14673054	1.9383186	5.6978407	-2.9780672	22.5625	54.272423	265.0	0.0	6.025	8.701976	31.0	0.0	1000.0	1000.0	0.375	0.325	42234.0	0.03248769230769231	1250004.0	-0.674736	0.34135243	0.5718819	-5.476755	-0.6747365	0.34134257	0.6304244	-6.1836867	2.4778678	2.26533	41.035976	-11.238362	1.9903034	4.0116816	66.2608	-11.584597	0.92841834	0.00040215766	0.00040538146	0.072165176	1.1608287e-05	-6.8959017	0.0010387173	1.0267191e-14	-28.39581	4.6546523e-13	-1.9903033	18.30677	531.43494	13141.253180503845
26	0.34763715	1.5958745	5.0872374	-2.0566719	0.34056947	1.0997576	2.8654466	-1.4771141	25.307692	91.64449	643.0	0.0	27.15	95.37415	469.0	0.0	1000.0	1000.0	0.3653846	0.275	43550.0	0.03225925925925926	1300004.0	-0.6785779	0.34369957	0.68364584	-4.8746843	-0.6785785	0.34368366	0.61620677	-5.3125906	2.4833937	2.2762709	57.763798	-9.637172	1.9749256	4.245136	88.15911	-11.707474	1.0735714	0.00039953346	0.00040504083	0.07401997	2.7429165e-05	-6.813876	0.0011217054	7.4237525e-15	-28.429983	4.4981263e-13	-1.9749258	20.594568	543.2558	13684.478472948074
27	0.84910744	1.8617213	7.3639565	-1.173092	0.5890296	1.330923	3.01425	-3.3881004	90.041664	211.05467	924.0	0.0	30.1	143.52785	921.0	0.0	1000.0	1000.0	0.5416667	0.4	47886.0	0.034204285714285715	1350004.0	-0.6701986	0.34536806	0.9799335	-6.040769	-0.6701984	0.34534743	0.7763737	-5.6947775	2.479985	2.2051187	48.517353	-17.035097	2.0076013	3.974816	70.83843	-14.137162	0.9345486	0.00044249673	0.00044539483	0.07027209	-2.588625e-06	-6.8300185	0.0011049231	8.673814e-15	-28.462475	4.3543736e-13	-2.0076015	23.147257	513.9513	14198.571121692657
28	0.7661902	2.0296843	10.913741	-2.0863748	0.10372182	0.96047115	2.301477	-1.7098095	19.942308	70.874054	411.0	0.0	1.5	4.909175	25.0	0.0	1000.0	1000.0	0.59615386	0.225	48909.0	0.03373034482758621	1400004.0	-0.6648105	0.36123464	0.6847583	-7.4191895	-0.6648095	0.3612461	0.6675923	-7.4612813	2.4817038	2.2635376	48.911163	-15.342861	1.9912969	4.077876	83.89137	-12.556374	1.0120867	0.00049691217	0.00049015915	0.073914066	1.216169e-05	-6.6964865	0.0012497592	7.670606e-15	-28.495186	4.2142085e-13	-1.9912968	18.250027	520.229	14718.76148223877
29	1.1017418	2.1339571	8.489723	-1.5355769	0.9340366	2.155232	10.557498	-1.4911295	32.104168	131.19852	893.0	0.0	29.075	144.32886	927.0	0.0	1000.0	1000.0	0.625	0.7	50450.0	0.033633333333333335	1450004.0	-0.6432746	0.3589909	0.69756085	-8.372781	-0.64327437	0.35899365	0.67508143	-7.807455	2.475561	2.3042655	46.4587	-14.828025	1.9795492	3.9235125	76.7757	-14.953699	0.8733161	0.00050023897	0.00049990375	0.07646386	2.667132e-05	-6.791508	0.0011428123	9.905953e-15	-28.527475	4.080426e-13	-1.9795492	18.565403	532.73975	15251.526285648346
30	0.85420215	1.5764773	5.964818	-1.5729195	0.13105443	1.1024052	2.7203932	-1.9526306	29.807692	88.2174	492.0	0.0	20.575	48.519527	231.0	0.0	1000.0	1000.0	0.5576923	0.325	52000.0	0.03354838709677419	1500004.0	-0.6751153	0.3655749	0.88162935	-11.892526	-0.675115	0.3655587	1.0629789	-11.375513	2.4776585	2.361757	41.361618	-11.478817	2.0017748	4.1137123	81.44197	-15.049399	1.0066422	0.0005587213	0.000563922	0.07768184	3.94202e-06	-6.6620317	0.0013094767	8.72123e-15	-28.568464	3.9164519e-13	-2.0017748	18.093311	539.39404	15791.486242055893
31	1.5687189	2.9677513	12.403778	-1.778661	0.9041835	1.6799082	6.8391075	-1.4856311	38.25	128.91478	737.0	0.0	25.625	79.12669	440.0	0.0	1000.0	1000.0	0.9166667	0.525	53846.0	0.03365375	1550004.0	-0.70141935	0.35350886	1.8060656	-14.095054	-0.70141876	0.35353142	1.3671536	-13.145184	2.483019	2.2584434	45.47534	-15.396958	1.9930935	4.1105485	78.71007	-13.7036495	1.0818654	0.0005342543	0.0005362194	0.07375792	9.343691e-06	-6.8144336	0.0011122584	6.4213644e-15	-28.59756	3.804068e-13	-1.9930935	21.357372	526.33655	16317.198740720749
32	1.2252556	2.0833957	10.5590105	-1.9650962	1.2125456	2.4784088	11.293747	-2.0616343	31.884615	83.06152	441.0	0.0	72.65	177.71698	752.0	0.0	1000.0	1000.0	0.78846157	0.725	55494.0	0.03363272727272727	1600004.0	-0.69710416	0.3394622	1.4430251	-18.27903	-0.69710463	0.33949372	1.4098842	-19.021496	2.4853032	2.1164408	38.721786	-31.801731	1.9922053	3.9068408	110.57616	-14.030462	1.0299977	0.0005972209	0.00059514545	0.06903811	9.2456075e-06	-6.923561	0.0010102506	5.4220663e-15	-28.621176	3.7152735e-13	-1.9922056	21.698023	516.73645	16833.992304563522
33	0.7554732	1.5186998	4.2261786	-1.236704	0.5211667	1.3190055	4.1821127	-1.5510849	18.083334	57.474575	266.0	0.0	41.9	141.52028	791.0	0.0	1000.0	1000.0	0.47916666	0.35	56362.0	0.03315411764705883	1650004.0	-0.67523444	0.32972527	0.96359783	-17.14	-0.6752349	0.3296885	1.1470569	-16.266594	2.483812	2.2061298	46.117992	-12.568232	1.9872484	4.0633454	81.83767	-10.943653	1.0349097	0.0005097697	0.0005206422	0.07048608	1.529417e-05	-6.9505687	0.0009850261	5.842929e-15	-28.643742	3.6323743e-13	-1.9872485	18.559055	531.3173	17365.225902318954
34	1.3349487	2.4902167	9.436519	-1.4962343	1.0730091	1.5698429	6.5031266	-1.5864878	26.326923	60.393814	303.0	0.0	21.025	117.228516	752.0	0.0	1000.0	1000.0	0.7307692	0.6	57731.0	0.032989142857142856	1700004.0	-0.65060705	0.32862005	1.3491415	-5.2951746	-0.650604	0.3286197	0.8141649	-5.1649885	2.4837518	2.2602928	61.053585	-23.467514	1.9985281	4.0614324	82.0985	-13.965614	1.0489342	0.0005058491	0.00050710706	0.07451652	3.6580539e-06	-6.8536687	0.0010689311	5.7305887e-15	-28.66689	3.5492673e-13	-1.998528	18.320316	528.74384	17894.081163406372
35	0.9952095	1.2525033	4.1950336	-1.6411692	1.018048	1.447849	4.637473	-1.2994448	17.5	94.23353	652.0	0.0	28.625	107.934395	663.0	0.0	1000.0	1000.0	0.625	0.5	58571.0	0.03253944444444445	1750004.0	-0.6448457	0.33468732	1.6367693	-5.9438095	-0.6448471	0.33469775	1.8187866	-6.077443	2.481903	2.346115	72.789894	-28.196642	1.9740632	3.9168563	67.204155	-12.520157	1.0562844	0.00055102067	0.0005489436	0.077971876	3.068432e-05	-6.8662424	0.0010795442	6.2359874e-15	-28.690495	3.4664852e-13	-1.9740633	18.443613	528.2842	18422.377046346664
36	0.6450091	1.2385681	4.095082	-1.6028821	0.9975481	1.7655586	5.7509165	-2.273973	20.557692	74.355545	501.0	0.0	40.675	125.60064	608.0	0.0	1000.0	1000.0	0.40384614	0.5	59640.0	0.03223783783783784	1800004.0	-0.639816	0.3505737	2.3368073	-8.272828	-0.6398161	0.3505865	2.2427945	-7.9538355	2.479841	2.3731225	54.81593	-38.56143	1.9639647	3.9031193	84.754395	-11.014734	1.0240066	0.00067946635	0.00066624593	0.08028143	3.5593865e-05	-6.887877	0.0010474286	6.772595e-15	-28.715824	3.3797845e-13	-1.9639647	20.955359	480.0247	18902.615146160126
37	1.5836306	2.1153803	7.30054	-1.0897734	1.044166	1.5463548	6.312772	-1.7314578	12.0	30.800434	141.0	0.0	3.05	10.931492	67.0	0.0	1000.0	1000.0	0.9166667	0.6	60294.0	0.03173368421052632	1850004.0	-0.66491985	0.36608285	1.6174365	-8.606614	-0.6649193	0.36609295	1.5896642	-9.1909895	2.480213	2.3332236	56.924263	-30.054615	1.99866	3.946164	91.03439	-12.311857	1.0278293	0.00072159205	0.00072160613	0.07967649	7.120156e-06	-6.945331	0.0009948389	6.4731427e-15	-28.743147	3.2886804e-13	-1.9986602	18.291548	437.5088	19339.79633450508
38	1.0594394	1.8481745	10.067933	-1.1412283	0.9979132	1.6775947	6.788982	-1.0006417	14.519231	39.62298	172.0	0.0	34.55	91.509	404.0	0.0	1000.0	1000.0	0.63461536	0.575	60971.0	0.03126717948717949	1900004.0	-0.6600475	0.37415802	0.7109324	-11.522522	-0.66004914	0.3741561	0.73233944	-12.345356	2.4750698	2.362826	56.321346	-15.685114	1.9870634	4.018039	94.42851	-13.2045355	0.90966946	0.00067973114	0.0006813757	0.079527855	1.5854099e-05	-6.8672	0.0010664368	7.93316e-15	-28.772173	3.1946562e-13	-1.9870638	18.513063	398.9104	19738.76857495308
39	1.6162721	1.8913316	6.8682833	-0.9949772	0.8254963	1.2897372	3.9084296	-1.5398346	27.25	82.548096	498.0	0.0	175.625	314.62714	951.0	0.0	1000.0	1000.0	0.8125	0.475	62339.0	0.0311695	1950004.0	-0.6440952	0.36305875	0.6953528	-12.440994	-0.6440953	0.36305085	0.73958117	-12.271226	2.4779074	2.438841	51.866993	-16.809338	1.9869461	4.0436683	82.22123	-12.717374	1.0236031	0.00063870725	0.0006388256	0.08262824	1.5924323e-05	-6.801885	0.0011455242	6.822071e-15	-28.801577	3.102033e-13	-1.9869462	18.625927	407.44	20146.20719075203
40	1.1310906	1.5868572	5.2408667	-1.8267455	1.285762	1.9576226	10.321332	-0.8544223	23.057692	70.28716	458.0	0.0	7.325	29.021881	182.0	0.0	1000.0	1000.0	0.61538464	0.725	63478.0	0.030964878048780488	2000004.0	-0.6338854	0.34872186	0.76155806	-8.910805	-0.6338854	0.348707	0.771668	-8.286459	2.4770741	2.46332	65.79067	-17.890257	1.9944112	4.132464	85.85419	-11.672646	1.013159	0.0005976473	0.00060070364	0.084731296	1.1515088e-05	-6.7525873	0.0011971154	6.889152e-15	-28.828856	3.0185763e-13	-1.9944112	18.047302	398.88278	20545.881326436996
41	0.7245552	1.3655949	4.3097157	-1.7892189	0.66612685	1.5154802	4.612329	-1.576173	52.729168	133.95361	802.0	0.0	10.65	37.53502	216.0	0.0	1000.0	1000.0	0.47916666	0.475	66042.0	0.03144857142857143	2050004.0	-0.6148003	0.33718634	0.87530255	-6.168395	-0.6148027	0.3371812	0.8686609	-6.61827	2.4772618	2.431061	56.123306	-19.257608	1.9839243	4.26486	109.78414	-11.882475	0.9780271	0.0005576549	0.0005593802	0.08208877	1.9468394e-05	-6.8779383	0.0010595929	6.6496754e-15	-28.855946	2.9378792e-13	-1.9839247	18.478811	398.11493	20943.21994304657
42	1.7354968	2.2867477	11.700191	-1.4460486	1.2556856	1.8733608	9.23149	-1.0312406	56.73077	141.37813	624.0	0.0	17.1	56.81276	320.0	0.0	1000.0	1000.0	0.9230769	0.675	68959.0	0.032073953488372095	2100004.0	-0.6131151	0.34482154	0.9416594	-5.5015144	-0.6131149	0.3448182	0.88962054	-5.8116426	2.4821324	2.4124882	64.715904	-27.2928	1.9913403	4.264861	91.32714	-15.430127	1.080931	0.0006243104	0.00062605104	0.08249966	1.2219336e-05	-6.8590875	0.0010694407	5.0974786e-15	-28.880316	2.8671222e-13	-1.9913403	18.647125	407.75558	21350.950949668884
43	0.84642714	1.9673587	7.797284	-2.2600212	0.26995033	1.0120106	2.4399316	-1.2302634	27.645834	73.66802	312.0	0.0	23.975	123.54868	792.0	0.0	1000.0	1000.0	0.5416667	0.3	70286.0	0.03194818181818182	2150004.0	-0.60346437	0.3551018	0.9568196	-7.415571	-0.6034605	0.355112	0.9645554	-7.7124104	2.483601	2.3968246	56.406693	-31.299389	1.9835573	4.1254263	88.042015	-12.6031	1.0994679	0.0006375747	0.0006354199	0.08363299	2.0091318e-05	-6.8194942	0.001129965	4.586747e-15	-28.898163	2.8163984e-13	-1.9835572	18.507729	398.82428	21749.78760743141
44	1.6973768	2.1289601	7.095271	-1.1452267	0.8331817	1.2655929	3.6223714	-1.5101187	33.865383	126.5048	846.0	0.0	44.775	173.6441	899.0	0.0	1000.0	1000.0	0.90384614	0.5	72047.0	0.03202088888888889	2200004.0	-0.5885993	0.35559437	1.0030031	-5.98221	-0.5886024	0.35561377	0.97989416	-6.581538	2.4829543	2.3495336	61.90317	-29.036488	1.9818612	4.057556	99.01696	-12.163276	1.0207746	0.0005861925	0.00058213365	0.08054159	1.7689134e-05	-6.952529	0.0009751924	4.6816134e-15	-28.91735	2.7628805e-13	-1.9818612	18.224977	398.659	22148.559824466705
45	1.1091986	1.8464833	5.643316	-1.4055841	1.1979741	2.2762249	10.11278	-1.9283189	18.3125	46.45569	272.0	0.0	38.725	149.52792	908.0	0.0	1000.0	1000.0	0.6875	0.65	73001.0	0.031739565217391304	2250004.0	-0.5612637	0.3420289	1.2877982	-8.177713	-0.5612628	0.3419949	1.0147794	-6.6737823	2.485052	2.3321989	48.899097	-24.71392	1.9439859	4.322851	98.595085	-12.478964	1.0407157	0.00055220927	0.0005596112	0.08053023	5.706133e-05	-6.9916015	0.00097114535	4.030806e-15	-28.93413	2.716888e-13	-1.9439859	18.447887	406.81085	22555.220386743546
46	1.4581628	1.741528	6.873485	-0.59623015	0.9682251	1.3267001	4.7485924	-1.1967474	31.25	97.28682	480.0	0.0	19.275	83.4416	519.0	0.0	1000.0	1000.0	0.71153843	0.55	74551.0	0.031723829787234044	2300004.0	-0.5435602	0.3517556	0.8995526	-6.825849	-0.5435621	0.35174403	1.3935977	-6.494309	2.4837275	2.3944893	49.31677	-16.956764	2.0127106	4.2893243	109.00889	-11.781603	1.0380833	0.0005614447	0.0005632489	0.08332808	-4.0181817e-06	-6.937413	0.0010003771	4.317587e-15	-28.950954	2.6715587e-13	-2.0127106	18.661049	399.2085	22954.56171655655
47	1.5210513	1.8524456	7.7986345	-1.3126465	0.55961406	1.6898627	3.7747371	-6.737268	28.666666	95.79672	561.0	0.0	10.475	43.210526	271.0	0.0	1000.0	1000.0	0.8333333	0.475	75927.0	0.03163625	2350004.0	-0.49972442	0.35498214	1.1857681	-7.0540776	-0.4997247	0.35499138	1.3152844	-6.9665647	2.4810605	2.382701	43.51264	-19.367714	1.9954718	4.077865	110.46631	-12.205478	0.92081594	0.00054469804	0.0005408691	0.08486967	7.721999e-06	-6.8746376	0.0010539497	4.937559e-15	-28.97027	2.6204622e-13	-1.9954718	18.48288	398.54343	23353.008048295975
48	1.2083814	1.7438788	5.628866	-1.9764423	2.2037902	3.462689	20.63102	-0.74271834	63.807693	153.36409	869.0	0.0	56.9	165.49771	742.0	0.0	1000.0	1000.0	0.75	1.1	79245.0	0.032344897959183674	2400004.0	-0.47674063	0.34109282	1.9293886	-7.4713416	-0.47673938	0.34108993	0.9291921	-8.382748	2.4816947	2.3015282	39.740643	-25.605394	1.9686253	4.120327	95.14715	-13.935594	0.8475265	0.00051462	0.0005127526	0.08245972	3.129692e-05	-7.0309987	0.0009086777	4.680337e-15	-28.988842	2.5722412e-13	-1.9686257	18.309776	406.66077	23759.579448223114
49	1.5365067	2.46424	8.964637	-1.7184027	1.7216984	2.1243832	8.900745	-0.7784858	53.770832	144.63997	762.0	0.0	68.55	204.72041	944.0	0.0	1000.0	1000.0	0.8333333	0.875	81851.0	0.0327404	2450004.0	-0.45704922	0.3264312	2.3285692	-5.0077453	-0.45705125	0.32644817	1.6366457	-5.2890587	2.4851155	2.3837948	49.618572	-19.913141	2.000031	4.0856647	74.48397	-14.572502	0.9749727	0.0004750695	0.00046791707	0.0870625	4.967844e-07	-7.1693277	0.0008087819	3.7371136e-15	-29.005957	2.5285782e-13	-2.0000312	18.818998	399.0722	24158.634937524796
50	2.079099	2.8869247	14.341644	-2.2996192	1.8708813	2.6812243	10.5021105	-1.5128808	25.134615	66.42666	392.0	0.0	46.3	115.37963	578.0	0.0	1000.0	1000.0	1.0769231	1.0	83133.0	0.03260117647058824	2500004.0	-0.42991015	0.32402068	1.4071256	-6.4634776	-0.42990977	0.3240403	3.9217985	-7.0159	2.48319	2.4347143	47.498043	-17.040197	1.9756525	3.9953785	92.923454	-11.920137	0.93834674	0.00049698213	0.00049312523	0.08871723	2.571553e-05	-6.9743824	0.00095418154	4.157969e-15	-29.021244	2.4902321e-13	-1.9756525	18.354607	398.9594	24558.836597442627
51	2.0259235	2.019421	8.605201	-1.2131644	1.6133292	2.0961273	7.163029	-0.860344	65.583336	159.92471	736.0	0.0	32.575	107.71464	579.0	0.0	1000.0	1000.0	1.1041666	0.85	86423.0	0.03323961538461538	2550004.0	-0.4511819	0.33541197	1.7840225	-13.240066	-0.45118257	0.33538404	2.5919564	-12.973704	2.4823897	2.4288375	47.015125	-34.234188	1.9788932	4.225999	144.23903	-14.415527	0.93803936	0.0006057859	0.0006078122	0.089018695	1.8859897e-05	-7.1056056	0.0008476562	4.2839776e-15	-29.03911	2.446132e-13	-1.9788929	18.353157	407.64447	24965.40255999565
52	1.6460114	2.136564	9.299864	-1.4822856	1.1079175	1.4538835	3.6521065	-1.7997007	26.173077	55.626057	223.0	0.0	57.35	182.33136	839.0	0.0	1000.0	1000.0	0.90384614	0.7	87642.0	0.03307245283018868	2600004.0	-0.48465067	0.37051854	0.8522569	-20.550463	-0.48465034	0.37052035	0.8506233	-19.735344	2.4817936	2.3852363	48.07201	-57.81995	1.9977628	4.28934	117.64388	-11.891048	0.93026483	0.0008931922	0.0009007142	0.08916965	3.861007e-06	-7.059056	0.0008810101	4.3543465e-15	-29.055664	2.4059766e-13	-1.9977628	18.599157	398.66177	25364.068187475204
53	1.3399063	2.015557	9.407941	-1.1965905	1.7530959	2.071976	8.680309	-0.87716025	24.729166	102.73686	642.0	0.0	13.275	34.31835	161.0	0.0	1000.0	1000.0	0.75	0.95	88902.0	0.03292666666666667	2650004.0	-0.48038766	0.3820827	2.8882685	-19.204638	-0.4803883	0.38207814	3.017678	-19.883856	2.4824176	2.398705	53.720066	-49.663357	1.9751309	4.1640377	85.98307	-11.288958	0.9458336	0.00082823075	0.00083141786	0.090130545	2.655927e-05	-6.9619613	0.0009671605	4.133531e-15	-29.07275	2.3652114e-13	-1.9751309	17.451674	399.42654	25763.51566004753
54	1.2665812	1.3773468	4.670763	-1.4303966	1.158067	2.5851815	13.51938	-1.3144704	36.51923	129.17184	876.0	0.0	12.05	45.443344	220.0	0.0	1000.0	1000.0	0.75	0.7	90728.0	0.032992	2700004.0	-0.44997883	0.3496995	3.366375	-7.332265	-0.44998074	0.3496803	3.1519125	-8.020627	2.481759	2.4369094	46.33617	-15.574013	1.9813972	4.1598907	84.68309	-11.687371	0.9309393	0.00060074736	0.0006052767	0.09147291	1.6693879e-05	-7.0828958	0.0008583946	4.218318e-15	-29.08965	2.3255757e-13	-1.981397	18.290154	408.46783	26171.897080659866
55	1.9376191	2.0515945	6.934223	-1.2688295	2.0736158	2.2431917	10.820302	-1.090655	18.875	48.52174	216.0	0.0	62.6	169.51753	836.0	0.0	1000.0	1000.0	1.0208334	1.1	91653.0	0.03273321428571429	2750004.0	-0.40324062	0.33282334	1.0886967	-9.279375	-0.40323958	0.33281037	1.0698626	-9.500383	2.4801824	2.5075529	53.05287	-14.860901	1.9957821	4.326898	93.92159	-12.920626	0.8904003	0.0005579318	0.0005596454	0.09520365	6.0541583e-06	-7.088068	0.0008616052	4.5056605e-15	-29.107193	2.2851382e-13	-1.995782	18.290226	399.98367	26571.774938106537
56	1.8148425	2.100017	7.592572	-1.259375	1.569783	2.796705	11.808823	-2.6982872	11.288462	41.918575	290.0	0.0	22.725	114.008995	732.0	0.0	1000.0	1000.0	1.0769231	1.025	92221.0	0.03235824561403509	2800004.0	-0.39437634	0.34324577	1.9899987	-8.524128	-0.3943732	0.3432283	1.9231112	-9.510815	2.4797063	2.4928195	48.22886	-14.555662	1.9607476	4.2763715	157.21791	-11.635784	0.8572893	0.00061364693	0.0006153438	0.093984395	3.9203063e-05	-7.01252	0.0009359677	4.531793e-15	-29.12549	2.24371e-13	-1.9607475	16.8338	401.10086	26972.92511200905
57	1.8340116	2.3570065	8.989748	-1.5048751	1.421116	1.3747209	4.4022965	-1.0121672	28.416666	73.6653	430.0	0.0	5.65	23.802889	151.0	0.0	1000.0	1000.0	1.0625	0.825	93846.0	0.032360689655172414	2850004.0	-0.39757398	0.3565377	1.886117	-13.837221	-0.3975738	0.35653302	1.9075438	-14.218801	2.4821045	2.4859824	52.887257	-12.547525	1.9906569	4.1829042	99.91886	-12.055158	0.92755854	0.0007315272	0.00074015016	0.09302654	8.947379e-06	-7.074377	0.0008597576	3.926552e-15	-29.141485	2.208101e-13	-1.9906572	18.247452	406.81378	27379.833111286163
58	1.6265831	2.5274565	12.773245	-1.6706599	1.8216355	2.2454824	6.8739066	-1.1457832	50.865383	132.53404	760.0	0.0	16.45	80.08556	511.0	0.0	1000.0	1000.0	1.0	1.05	96230.0	0.03262033898305085	2900004.0	-0.41408345	0.3446499	1.8093078	-12.652883	-0.41408336	0.34465423	1.8134484	-12.112903	2.4826155	2.4730017	47.515766	-11.001896	1.9799268	4.1197567	118.328255	-12.480248	0.9420436	0.0006887352	0.00069144595	0.09225226	1.709839e-05	-7.0443764	0.00089308067	3.7553223e-15	-29.158224	2.17144e-13	-1.9799268	18.340467	398.562	27778.278591632843
59	1.9505186	2.6484063	12.224841	-1.3810061	1.5017123	1.8147359	7.417168	-1.2019663	12.1875	51.962585	359.0	0.0	83.575	204.06516	899.0	0.0	1000.0	1000.0	1.0416666	0.825	96852.0	0.032284	2950004.0	-0.38244247	0.33815688	1.6705123	-8.91485	-0.38244092	0.33816907	1.674581	-8.320605	2.4812727	2.4540625	49.521023	-43.478092	2.0122013	4.0578904	114.682465	-11.02245	0.8528771	0.00053816155	0.00053302577	0.091039866	-7.3370243e-06	-7.0461392	0.00090306037	3.9851435e-15	-29.17255	2.1405544e-13	-2.0122013	15.370696	403.40646	28181.73127055168
60	2.1926155	2.195314	9.914747	-1.7617152	2.1456692	3.0663	12.580476	-1.0079247	67.48077	159.7123	671.0	0.0	17.475	89.06767	571.0	0.0	1000.0	1000.0	1.0961539	1.2	100324.0	0.03289311475409836	3000004.0	-0.3234142	0.34014893	1.2382421	-9.377359	-0.32341275	0.34016827	1.2802331	-8.899025	2.4819777	2.4962938	60.963608	-67.188354	1.9830753	4.281237	100.326195	-11.496107	0.85838765	0.00059506675	0.00059104065	0.09438415	1.4726727e-05	-7.1752195	0.00079615705	3.7755282e-15	-29.18795	2.1078453e-13	-1.9830755	18.063643	407.26917	28589.937470436096
61	1.9622717	2.2728543	8.483781	-0.9848696	1.9050068	3.1978056	18.044865	-1.3281738	32.9375	128.31915	871.0	0.0	91.175	212.49869	827.0	0.0	1000.0	1000.0	1.0	0.925	101987.0	0.032899032258064516	3050004.0	-0.2968902	0.36603364	1.4017134	-12.970353	-0.29689088	0.36606306	1.422785	-13.779118	2.4849312	2.5302906	70.09569	-45.926647	1.9949278	4.3213415	101.781364	-12.157381	0.90770924	0.00069581927	0.00069068756	0.09607337	6.0935367e-06	-6.9474936	0.000981735	3.1101932e-15	-29.201885	2.0786754e-13	-1.994928	18.463633	399.23544	28988.294340610504
62	2.6147883	3.332953	11.778277	-1.4512235	2.9388402	5.161782	27.4314	-1.1467627	40.846153	85.90477	346.0	0.0	7.1	12.656619	53.0	0.0	1000.0	1000.0	1.4615384	1.575	104029.0	0.03302507936507937	3100004.0	-0.3205138	0.37853542	1.2779295	-17.79119	-0.320516	0.3785521	1.2938178	-18.354439	2.481635	2.528072	62.115353	-19.580133	1.9893422	4.170848	92.148476	-12.684239	0.8589197	0.00076402636	0.0007612407	0.096993454	1.2014135e-05	-6.973959	0.00097111665	3.7437433e-15	-29.215925	2.0496946e-13	-1.9893423	16.557632	404.81744	29392.99069571495
63	2.145511	2.5800633	8.972778	-1.7305136	1.718724	2.012511	6.701068	-1.1937584	41.958332	92.28803	378.0	0.0	31.125	90.72519	505.0	0.0	1000.0	1000.0	1.2083334	0.9	106132.0	0.03316625	3150004.0	-0.350955	0.3766485	1.3710648	-11.833573	-0.3509532	0.3766804	1.3371575	-12.525583	2.4825509	2.5314226	66.86998	-20.421658	1.976014	4.063845	93.59463	-14.753574	0.9220633	0.00074181746	0.000735137	0.099621624	2.6689906e-05	-6.895982	0.001039955	3.5048525e-15	-29.230003	2.0210388e-13	-1.976014	18.708202	404.26196	29797.4283080101
64	2.9311106	3.498549	13.559924	-1.1825237	3.5092487	4.2747607	18.400484	-0.6905313	26.076923	63.761223	307.0	0.0	78.275	175.62332	784.0	0.0	1000.0	1000.0	1.5961539	1.8	107399.0	0.033045846153846155	3200004.0	-0.36312947	0.36354288	1.0178518	-9.166072	-0.36312762	0.3635501	1.0351992	-8.815057	2.4841256	2.4795473	61.206284	-27.649197	1.9983319	4.250677	89.03674	-12.300801	0.92373407	0.00069852796	0.00070009177	0.09598964	4.3608165e-06	-6.964651	0.0009624168	3.1448296e-15	-29.243092	1.9947517e-13	-1.9983319	18.463676	398.1555	30195.482567310333
65	3.8644886	4.4278593	18.18189	-1.3905195	3.8408744	3.4841447	13.191348	-1.0088673	27.125	68.300995	411.0	0.0	57.9	142.27171	640.0	0.0	1000.0	1000.0	2.0416667	1.95	108812.0	0.032973333333333334	3250004.0	-0.34086898	0.36430618	1.237351	-9.822647	-0.3408711	0.36431554	1.2723658	-10.111466	2.4800792	2.4543984	59.723984	-13.383266	1.9758282	4.1622586	80.036514	-13.231783	0.79759985	0.0006593971	0.00066423806	0.09565181	2.3883873e-05	-6.8467464	0.0010866005	3.8968314e-15	-29.257126	1.9669669e-13	-1.9758282	17.523685	405.77972	30601.25153851509
66	3.2723958	3.4702299	16.820461	-0.6891059	2.451753	3.159588	15.618471	-1.2935373	17.442308	44.39266	305.0	0.0	89.85	214.43129	887.0	0.0	1000.0	1000.0	1.6923077	1.325	109608.0	0.032718805970149256	3300004.0	-0.32989118	0.35367638	1.2847574	-7.3093786	-0.32989007	0.35368803	1.2501098	-7.47837	2.480374	2.4766061	65.00316	-26.70521	1.9957813	4.389611	94.49276	-13.762368	0.8051219	0.000611295	0.0006130534	0.09815807	4.5579854e-06	-7.0562115	0.00087781897	3.7803707e-15	-29.272688	1.9365892e-13	-1.9957814	18.785341	400.997	31002.345146894455
67	4.3895807	4.5968194	20.090727	-1.4842489	1.2071493	1.8973907	7.062404	-1.2424918	18.458334	31.89237	157.0	0.0	17.925	75.07343	478.0	0.0	1000.0	1000.0	2.2708333	0.65	110531.0	0.03250911764705882	3350004.0	-0.2894076	0.38335434	1.5970938	-11.828521	-0.2894093	0.38340512	1.5841265	-13.7965355	2.483385	2.4672055	65.25306	-17.627104	2.0043457	4.274143	85.185905	-11.800309	0.8216239	0.00067782134	0.0006628282	0.0955826	1.5402699e-06	-6.9224415	0.0010264262	3.1532915e-15	-29.28674	1.9095612e-13	-2.0043454	18.246893	398.8171	31401.053312778473
68	2.3545716	2.845449	10.147397	-1.1602547	2.3157063	3.5619876	15.475537	-0.8046711	14.634615	44.288837	306.0	0.0	5.825	14.684835	68.0	0.0	1000.0	1000.0	1.25	1.275	111255.0	0.03224782608695652	3400004.0	-0.20154423	0.40855277	1.453589	-14.819356	-0.20154393	0.40856302	1.4441421	-13.226959	2.480323	2.48947	57.39015	-16.9473	1.9854213	4.1760845	77.70255	-11.637433	0.68451774	0.0007996377	0.0007934953	0.09711705	1.8704193e-05	-6.759275	0.0011887751	3.6871048e-15	-29.29969	1.8849963e-13	-1.9854213	18.435402	407.4116	31808.47812819481
69	4.259043	4.141021	13.183084	-2.023818	2.6142101	3.7739432	18.803179	-1.2423763	71.541664	134.34052	548.0	0.0	11.6	18.297266	62.0	0.0	1000.0	1000.0	2.2083333	1.375	114697.0	0.03277057142857143	3450004.0	-0.21455492	0.38714927	1.612025	-8.950624	-0.2145554	0.38716814	1.6371553	-11.697331	2.4835713	2.4320757	60.716976	-21.100233	1.9776014	4.182132	109.91521	-13.093918	0.73515135	0.0006567457	0.0006538866	0.09514754	3.1532578e-05	-6.8286223	0.0011231111	3.0341146e-15	-29.313065	1.8599441e-13	-1.9776013	18.413857	399.5786	32208.14296078682
70	3.8283293	4.3409824	16.19409	-0.96338	7.308267	6.1648526	24.315304	-0.28638855	24.711538	51.609604	343.0	0.0	19.775	23.993216	134.0	0.0	1000.0	1000.0	1.8846154	3.725	115974.0	0.0326687323943662	3500004.0	-0.1695241	0.411343	1.5219783	-20.162403	-0.16952363	0.4114186	1.502825	-22.542812	2.4856646	2.5007286	65.645706	-25.153782	1.9745152	4.0895705	134.20995	-12.713846	0.7983464	0.00079211924	0.00078260637	0.099330276	3.100164e-05	-6.7363424	0.0012122964	2.615117e-15	-29.324936	1.8379971e-13	-1.9745152	18.157272	399.39343	32608.647052526474
71	4.0059986	3.5886402	14.632849	-0.8808275	2.1990275	3.7198145	18.276134	-1.3226867	33.6875	59.49725	284.0	0.0	18.475	80.013435	511.0	0.0	1000.0	1000.0	2.0416667	1.2	117660.0	0.032683333333333335	3550004.0	-0.13590506	0.4508608	1.5366849	-22.831326	-0.1359066	0.45080698	1.480906	-24.768427	2.481047	2.4784079	62.366108	-22.234848	2.0179002	3.9629402	115.612915	-13.103054	0.6277359	0.00089593674	0.00090493495	0.09945041	-2.1492533e-05	-6.639091	0.0013421637	3.4222272e-15	-29.336885	1.81617e-13	-2.0179002	18.336288	408.20508	33015.70061635971
72	4.28211	4.8188586	23.320889	-1.3323762	2.0947545	3.1982377	13.975708	-1.7405838	15.596154	28.690832	144.0	0.0	31.45	139.25049	883.0	0.0	1000.0	1000.0	2.2884614	1.15	118402.0	0.032438904109589044	3600004.0	-0.11378068	0.41521403	1.4375368	-27.275444	-0.113779925	0.41521385	1.4104546	-28.005545	2.4822068	2.3378222	50.55052	-21.738325	1.9658978	3.838647	92.179146	-15.257734	0.51614475	0.00087237085	0.0008430508	0.09154166	4.3609532e-05	-6.7697763	0.0011821047	3.169503e-15	-29.35005	1.792414e-13	-1.9658978	18.574562	397.64832	33413.38122677803
73	5.965097	5.384335	22.749094	-0.5295075	4.903055	5.8927064	23.984684	-1.1725384	42.666668	93.800835	459.0	0.0	40.0	132.69984	854.0	0.0	1000.0	1000.0	3.0	2.325	120530.0	0.032575675675675674	3650004.0	-0.1160542	0.41477352	1.3932452	-36.9453	-0.11605272	0.4147427	1.4067315	-35.500168	2.483645	2.361162	50.222866	-18.417831	2.001645	3.9634287	126.75553	-12.437292	0.57997245	0.0007530278	0.000799238	0.09361555	9.2836143e-07	-6.8192873	0.0011027415	2.8767494e-15	-29.36248	1.770266e-13	-2.001645	18.591833	398.2735	33811.467237234116
74	3.5522573	4.2170115	20.393738	-1.0948864	2.9245946	3.343287	12.72972	-1.1067585	43.51923	135.35118	858.0	0.0	12.85	37.626816	232.0	0.0	1000.0	1000.0	1.9038461	1.55	122713.0	0.032723466666666666	3700004.0	-0.059576876	0.46800342	1.3855149	-86.36335	-0.05957709	0.46785808	1.4084611	-79.981476	2.485903	2.3472204	54.115383	-16.194519	1.9965965	4.0642266	134.02017	-13.58553	0.5660604	0.0014202121	0.0013338199	0.09440297	1.0214477e-05	-6.576922	0.0014217446	2.4507846e-15	-29.37381	1.7503232e-13	-1.9965965	18.426529	406.40332	34217.97982668877
75	4.5264015	4.534621	16.80857	-1.4828845	4.1027136	4.5542283	15.96934	-0.52354395	33.666668	72.770004	415.0	0.0	46.65	126.13694	593.0	0.0	1000.0	1000.0	2.3333333	1.95	124390.0	0.03273421052631579	3750004.0	-0.056240607	0.49010658	1.8268616	-82.83408	-0.0562408	0.48978913	1.7914643	-87.50222	2.4857402	2.3042712	57.249325	-19.988213	1.9843434	3.8510647	114.118454	-12.999865	0.53086704	0.0015949741	0.0016723501	0.091286354	2.0150534e-05	-6.7842183	0.0011566695	2.4549315e-15	-29.38277	1.7347117e-13	-1.9843432	18.510353	398.59012	34616.65340948105
76	5.9551854	4.771075	19.519451	-0.6878795	6.418914	5.785426	20.390656	-0.9276314	35.096153	67.17321	391.0	0.0	45.3	143.85638	910.0	0.0	1000.0	1000.0	2.9230769	2.95	126154.0	0.03276727272727273	3800004.0	-0.038184635	0.4514941	1.7212274	-25.376429	-0.03818478	0.45175424	1.6908408	-33.25052	2.4836853	2.2967017	59.09192	-39.931927	1.9714162	4.05657	109.6298	-12.666758	0.45028687	0.00092824805	0.0008839795	0.09250498	3.3836168e-05	-6.793573	0.001145168	2.7821233e-15	-29.393894	1.7155204e-13	-1.971416	18.466253	400.4063	35017.03722000122
77	9.108764	6.017934	22.079088	-0.33256504	8.88568	7.1997843	23.431717	-0.12803912	42.479168	70.14984	464.0	0.0	98.775	203.48409	863.0	0.0	1000.0	1000.0	4.5	4.275	128255.0	0.032885897435897433	3850004.0	0.022720307	0.42422292	1.5704305	-18.04438	0.022724792	0.42421228	1.5670741	-18.99654	2.4860766	2.2765508	50.783356	-33.64123	1.9917475	3.9020987	113.01542	-13.907956	0.43596262	0.0007282517	0.00077855116	0.09198538	1.1097299e-05	-6.873025	0.0010561054	2.347501e-15	-29.402685	1.7005036e-13	-1.9917476	18.232136	406.49088	35423.42372894287
78	9.420237	7.1281004	21.64011	-1.1977274	12.406311	7.827273	27.052736	-0.39299875	31.826923	40.946365	153.0	0.0	48.575	56.62724	340.0	0.0	1000.0	1000.0	4.673077	5.9	129848.0	0.032872911392405064	3900004.0	-0.010926298	0.43428358	1.8594017	-61.82389	-0.010932176	0.4347526	2.511148	-58.87542	2.4911985	2.157649	50.831474	-14.192525	1.9950492	4.158588	113.45286	-12.474754	0.5172022	0.0014549972	0.0010982704	0.08785954	8.655047e-06	-6.7719936	0.0011755435	1.4659729e-15	-29.411264	1.6859693e-13	-1.9950491	18.388811	399.44714	35822.90218949318
79	7.557485	5.654155	19.74929	-1.4543871	6.5405173	6.6405535	22.711843	-0.61146814	32.604168	40.3628	194.0	0.0	50.025	92.84435	458.0	0.0	1000.0	1000.0	3.7291667	3.275	131477.0	0.03286925	3950004.0	0.011572856	0.46006152	2.2508755	-63.95897	0.011569734	0.45966122	2.1758723	-58.92062	2.4929957	2.1314633	47.255184	-18.787453	1.9898242	4.009973	138.8199	-13.833696	0.5237601	0.00094425026	0.00090331095	0.08640211	1.412891e-05	-6.73396	0.0012159	1.1569059e-15	-29.416597	1.677006e-13	-1.9898242	18.64237	400.5689	36223.45540857315
80	7.3205957	5.710869	19.72269	-1.0441006	6.631479	6.673761	20.835466	-0.9956534	43.192307	84.22179	459.0	0.0	32.025	63.63234	350.0	0.0	1000.0	1000.0	3.6538463	3.25	133659.0	0.033002222222222224	4000004.0	0.06760815	0.47899944	2.2454371	-50.1049	0.06761649	0.4790931	2.2728145	-44.60776	2.4937053	2.0376613	50.500977	-15.830601	2.0036082	3.8531573	85.284904	-11.552742	0.41878116	0.0011005545	0.0010895958	0.07980278	-3.2607888e-06	-6.7718363	0.0011650263	1.0333651e-15	-29.421318	1.6691107e-13	-2.0036077	18.263351	407.341	36631.55915093422
81	6.5184593	4.8040495	18.184917	-0.93472517	4.584275	4.6153135	15.732243	-1.1012424	44.375	71.03216	292.0	0.0	50.425	137.21988	601.0	0.0	1000.0	1000.0	3.0416667	2.275	135809.0	0.03312414634146341	4050004.0	0.11711654	0.4755153	1.8030632	-31.68418	0.11711274	0.47546074	1.8712845	-25.590162	2.493646	1.9971867	44.707012	-8.88023	1.9913054	3.6736472	90.597145	-11.276819	0.34030476	0.0009564679	0.0009802267	0.07891879	1.4478247e-05	-6.624314	0.0013421334	1.0389585e-15	-29.42449	1.6638229e-13	-1.9913054	18.3912	399.56964	37030.490349531174
82	9.168444	6.578433	22.718302	0.08189902	4.034224	3.925802	13.403905	-1.2474636	24.51923	27.456604	102.0	0.0	21.4	51.111057	220.0	0.0	1000.0	1000.0	4.4038463	1.975	137064.0	0.03302746987951807	4100004.0	0.21267676	0.4551308	2.2009923	-10.927086	0.21267666	0.45512372	2.1724553	-12.28176	2.5001462	1.993625	48.88923	-10.299263	1.9970738	3.6416984	81.86958	-12.148724	0.3954693	0.00079315127	0.0008000648	0.08034245	5.4824245e-06	-6.716516	0.0012376972	-4.2131065e-17	-29.427	1.659652e-13	-1.9970737	18.536842	399.44592	37430.001051187515
83	5.8582053	5.714303	19.640154	-0.49938402	7.582483	6.2622104	20.818773	-0.2572955	30.041666	37.544395	179.0	0.0	60.1	137.14697	740.0	0.0	1000.0	1000.0	2.8333333	3.7	138529.0	0.032983095238095235	4150004.0	0.29681638	0.46665514	2.3698013	-3.5949526	0.2968149	0.46665585	2.3059576	-3.4522953	2.4954815	2.0741782	49.746723	-10.673434	1.9941216	3.824988	84.749016	-12.035775	0.26001668	0.0008280773	0.0008296566	0.0812751	1.0350904e-05	-6.660679	0.001296937	7.312013e-16	-29.428406	1.6573196e-13	-1.9941216	18.396975	408.1991	37838.09908080101
84	6.1636515	5.1236553	18.036373	-0.22516169	5.2489333	5.445509	24.89894	-0.35187045	40.596153	104.231865	720.0	0.0	48.85	133.48718	661.0	0.0	1000.0	1000.0	3.0576923	2.55	140617.0	0.03308635294117647	4200004.0	0.34351185	0.48574504	2.5177114	-4.2039824	0.3435098	0.48575276	2.5023334	-4.34808	2.4926553	2.0422273	66.52252	-12.444559	1.9908675	3.6932204	72.684586	-12.012993	0.1238453	0.000874969	0.0008732129	0.07904996	1.2375434e-05	-6.705095	0.0012366221	1.1949213e-15	-29.431377	1.6524001e-13	-1.9908675	18.180786	399.68353	38237.85021471977
85	7.3457413	5.856852	19.736074	-0.9821719	4.287051	4.457886	17.792597	-0.6599184	62.291668	119.31994	645.0	0.0	101.0	238.1111	865.0	0.0	1000.0	1000.0	3.6458333	2.15	143843.0	0.03345186046511628	4250004.0	0.35760114	0.47090197	2.6129484	-2.7940686	0.35760292	0.47089583	2.6029334	-3.0255923	2.498154	2.0322547	58.95783	-17.387703	1.9917884	3.8441002	89.59305	-12.900674	0.23603761	0.00085188646	0.00085366133	0.07559905	1.145792e-05	-6.7798605	0.0011511525	2.8625005e-16	-29.434963	1.6464874e-13	-1.9917883	18.523125	398.7772	38636.842903614044
86	7.6903105	6.251189	19.738916	-0.8774596	11.216211	6.8624744	21.845816	-0.38096392	56.615383	108.62943	657.0	0.0	56.275	102.504875	601.0	0.0	1000.0	1000.0	3.8269231	5.425	146551.0	0.03368988505747127	4300004.0	0.3543171	0.45270798	2.2672205	-2.3803167	0.3543184	0.45270878	2.2851322	-2.3505566	2.495046	1.9537321	48.027805	-15.998445	1.9961491	3.6784062	89.527756	-12.289316	0.11193682	0.00079516554	0.0007923613	0.073008195	6.5055083e-06	-6.7843437	0.0011506524	7.9625623e-16	-29.436926	1.6432583e-13	-1.996149	18.37351	407.41718	39043.950873851776
87	7.740944	6.4338717	22.754595	-0.78299624	4.299181	4.2163754	15.917173	-0.5696012	29.541666	36.023117	163.0	0.0	40.35	124.71218	750.0	0.0	1000.0	1000.0	3.8333333	2.05	147969.0	0.033629318181818184	4350004.0	0.41785368	0.49946046	2.4471881	-2.263164	0.4178546	0.49945453	2.4696584	-2.2870913	2.4947796	1.9501579	48.03508	-13.455656	1.9971653	3.5981958	95.97412	-11.810099	0.046326213	0.00085551466	0.00085655495	0.0729418	7.173829e-06	-6.6517606	0.0013165326	8.372806e-16	-29.439955	1.6382894e-13	-1.9971653	14.817517	267.17157	39310.99124741554
88	8.940586	6.0992174	22.696331	-3.4370673	3.6178086	3.802462	14.846485	-0.3212579	27.5	29.718876	132.0	0.0	50.675	136.06789	777.0	0.0	1000.0	1000.0	4.3461537	1.65	149399.0	0.033572808988764045	4400004.0	0.45845664	0.49582925	2.3348875	-3.2265	0.4584574	0.49583802	2.4188747	-3.1221814	2.4984396	1.826682	40.340443	-11.84208	2.003894	3.7410412	86.61268	-14.135061	0.016949646	0.00090360444	0.00089863234	0.067655675	-2.799927e-06	-6.736245	0.0012081731	2.3736762e-16	-29.443115	1.6331207e-13	-2.003894	14.858781	247.3095	39558.51008796692
89	5.3548255	4.59738	16.137224	-0.853874	8.309449	8.6318655	22.23833	-18.476084	35.854168	97.465164	655.0	0.0	35.8	38.89743	187.0	0.0	1000.0	1000.0	2.5833333	4.4	151255.0	0.033612222222222224	4450004.0	0.561771	0.49590135	2.4058473	-4.406339	0.56176865	0.49591726	2.3974032	-4.3583345	2.5006213	1.8170735	36.849846	-10.666819	1.9953783	3.5541332	66.40633	-13.450365	-0.03700462	0.0008523761	0.00084779167	0.067529894	8.069164e-06	-6.625811	0.0013395642	-1.1907843e-16	-29.442604	1.6339516e-13	-1.9953783	14.757452	247.0293	39805.28428077698
90	4.1547656	4.1735682	12.943167	-10.825157	3.5301297	3.3982599	13.303862	-0.8613717	36.923077	59.669876	267.0	0.0	43.475	126.83513	691.0	0.0	1000.0	1000.0	2.0	1.775	153040.0	0.033635164835164835	4500004.0	0.6582388	0.49503854	2.4242432	-5.802462	0.65824014	0.49503976	2.410838	-6.370386	2.4995184	1.8036717	33.226547	-17.557293	1.9878376	3.3815322	82.05143	-12.261267	-0.16922611	0.0009295818	0.00092840346	0.06611364	1.7292006e-05	-6.519903	0.001489458	6.112437e-17	-29.442936	1.6334132e-13	-1.9878372	14.632881	247.45871	40053.429589509964
91	7.5141206	5.7672853	20.85357	-0.8342223	4.619297	5.3069663	21.863005	-0.6094939	36.208332	86.11183	539.0	0.0	26.525	83.21808	521.0	0.0	1000.0	1000.0	3.4791667	2.275	154790.0	0.03365	4550004.0	0.6298366	0.4458486	2.3408144	-3.8932827	0.6298361	0.44585118	2.3529456	-3.8375466	2.4956923	1.7882203	35.140038	-17.01441	1.9922497	3.5465343	81.35387	-12.773647	-0.2412007	0.00073170394	0.0007316217	0.063821256	8.396804e-06	-6.8177886	0.0011039603	6.852749e-16	-29.443775	1.632044e-13	-1.9922498	14.797178	245.84547	40298.67586135864
92	9.658391	6.3656797	23.850788	0.31011695	6.602937	6.0826893	25.279886	-0.41106653	59.46154	108.18475	605.0	0.0	45.8	111.29448	493.0	0.0	1000.0	1000.0	4.5576925	3.35	157870.0	0.033950537634408605	4600004.0	0.56012034	0.46877128	2.3534791	-5.0776644	0.56011933	0.46877325	2.3650072	-5.7059236	2.493185	1.9136237	34.502026	-20.400436	2.0143313	3.6690176	82.07835	-15.700919	-0.16510707	0.00071525376	0.0007150909	0.06987516	-1.4539838e-05	-6.8468976	0.0010826169	1.0904949e-15	-29.4481	1.624996e-13	-2.0143313	14.898241	246.69157	40545.33001756668
93	6.2111835	5.4150925	21.636623	-0.37397623	10.160487	7.791215	25.306688	-0.26383612	40.75	79.8004	441.0	0.0	63.825	130.6275	513.0	0.0	1000.0	1000.0	2.9375	4.925	159864.0	0.034013617021276595	4650004.0	0.6020225	0.46152875	2.2485394	-5.894989	0.60202366	0.461526	2.2634325	-6.204288	2.498789	1.892317	36.557663	-28.724043	1.9929953	3.616829	93.46839	-12.902343	-0.07307801	0.0009066565	0.00090575684	0.06850755	1.2004476e-05	-6.652611	0.0013056056	1.789139e-16	-29.45022	1.6215534e-13	-1.9929953	14.858969	246.54222	40791.787548303604
94	11.141442	6.8355665	24.311838	-0.67956305	7.837279	6.296545	19.326893	-1.1541415	35.596153	45.45465	211.0	0.0	23.325	29.711435	114.0	0.0	1000.0	1000.0	5.269231	3.85	161677.0	0.03403726315789474	4700004.0	0.57181484	0.47717637	2.3791792	-8.41832	0.5718179	0.47717574	2.3354485	-7.554501	2.5000021	1.8781208	34.497765	-20.566391	1.9963936	3.5921953	81.91208	-13.329834	-0.02543834	0.0009744949	0.00097098236	0.066248424	5.8652618e-06	-6.7320986	0.0012050946	-1.7825463e-17	-29.450363	1.6213242e-13	-1.9963936	14.664764	246.7597	41038.630803108215
95	10.921299	5.178676	19.512207	0.42747682	12.51187	7.3326473	25.984936	-0.6061841	37.8125	48.178337	303.0	0.0	68.275	148.71953	724.0	0.0	1000.0	1000.0	5.25	5.85	163672.0	0.034098333333333335	4750004.0	0.54193115	0.5006209	2.4698248	-5.097473	0.541931	0.50062144	2.4609904	-5.1626124	2.5022092	1.8627505	37.018562	-24.708202	1.9907625	3.6874766	76.81842	-12.62697	0.057655722	0.00097039016	0.000970947	0.0650878	1.2183962e-05	-6.8557982	0.0010635363	-3.759583e-16	-29.449697	1.6224042e-13	-1.990763	14.938995	247.05336	41285.7828233242
96	7.619375	6.330727	21.526041	-7.794426	4.8568163	4.818773	20.4293	-0.590718	42.115383	70.80136	408.0	0.0	36.3	123.23945	797.0	0.0	1000.0	1000.0	3.7307692	2.275	165682.0	0.03416123711340206	4800004.0	0.534368	0.5019152	2.6449711	-2.936597	0.53436685	0.50190496	2.6337807	-3.0276675	2.501873	1.8587868	38.961666	-13.044475	1.9930644	3.665485	83.91392	-12.600254	0.04411589	0.000983398	0.0009896616	0.06460858	9.699379e-06	-6.754757	0.0011830876	-3.2179187e-16	-29.44819	1.6248519e-13	-1.9930644	14.609052	247.23453	41533.01018548012
97	9.26339	4.8190966	20.619282	-0.4673912	4.4690166	6.3605957	23.299217	-7.8861704	40.520832	59.5266	367.0	0.0	24.975	77.82367	374.0	0.0	1000.0	1000.0	4.4583335	2.625	167830.0	0.03425102040816327	4850004.0	0.5428082	0.5204159	2.7969298	-3.773076	0.5428081	0.520405	2.835438	-3.7834463	2.5028832	1.8576001	33.972095	-15.553675	2.0003319	3.6961634	86.16374	-12.285892	0.06858482	0.0010106787	0.0010171217	0.06336338	1.746099e-06	-6.7662706	0.0011649575	-4.8674785e-16	-29.446686	1.6273013e-13	-2.000332	14.994265	246.66318	41779.597468853
98	9.695019	5.827805	20.920368	-2.7679358	6.0320497	6.6119103	24.896702	-0.3987914	35.615383	66.750435	354.0	0.0	12.325	19.85244	67.0	0.0	1000.0	1000.0	4.6538463	2.85	169479.0	0.03423818181818182	4900004.0	0.5772033	0.51053727	3.5686011	-8.540287	0.57720155	0.5105392	3.5510366	-8.290316	2.498838	1.8336406	33.55962	-21.55103	1.9903433	3.6224978	83.315216	-16.154148	-0.08862336	0.0009857855	0.0009884437	0.064356565	1.3632338e-05	-6.724555	0.0012165448	1.7176756e-16	-29.445724	1.6288624e-13	-1.9903431	14.902878	247.30469	42026.80289936066
99	11.4280405	5.670652	21.99036	0.55996317	11.938803	7.6478057	24.320036	0.24993725	42.8125	45.87331	249.0	0.0	34.2	74.346886	461.0	0.0	1000.0	1000.0	5.4791665	5.725	171624.0	0.0343248	4950004.0	0.6103446	0.51774585	3.9563956	-9.21085	0.6103426	0.5177499	3.9353037	-8.427303	2.4993486	1.8444974	34.71488	-16.899754	1.9978619	3.5369635	83.7921	-14.417593	-0.09905113	0.0009960049	0.0009898153	0.06553802	4.549211e-06	-6.7075777	0.0012333441	8.848408e-17	-29.44657	1.6274842e-13	-1.9978619	14.852672	247.41844	42274.69195628166
